751382040
322667329
1111735252
1471265845
1219045847
308934544
1435002150
880865126
261969162
1272495743
1951261121
982589794
2005053429
1478113789
1004318159
1303483457
1012698254
57482640
1873919177
1944776071
847790974
1547193394
2122697546
381139093
1991243588
403732934
1027521535
6448563
187377529
1459366453
1510773179
211808178
526775854
1159350314
456833191
1166471745
458498417
110701926
131559574
1005951695
1560466159
1420793536
526273143
1760919063
1764526003
1906744765
1580190436
189987917
191132172
228291016
1039098839
1242463715
1931663245
655436558
1140987772
1546154744
1322388782
626438392
276510241
221093726
219403152
1019891270
1508493641
1383587142
2029057374
902048965
634412512
938483850
195111375
1611305644
2067398538
249635991
1681349959
1103518617
1476024085
1656147701
1927193117
1872480035
2127822348
1425862773
76950392
863196955
471808365
2083565302
2040452178
1379932004
1757179250
2057470419
707974303
1917602156
2067840139
140200685
851994246
149622086
176186221
324384336
1428831694
930955878
1644266564
621128324
305976148
1579252216
1637561092
364524403
2138416824
566916317
951039197
1921184241
1257879576
158680899
1479410893
931707373
1814731764
980409311
1005965135
1205446963
809347889
665989322
1702508337
1864605916
1500442937
534267893
1504892291
1448913747
1402575423
99640651
1756333739
1887926532
1687798688
1655755874
1687860886
289062307
234336357
1868697564
2042560009
368367637
102400997
1300087904
1147142934
1378995967
2042676360
1934674224
1359195817
1934642154
1155467430
1316341864
1598548290
1295179536
543772557
1918890194
1337077949
1440052678
521250977
252226408
1428781389
1902349701
1036970654
801697383
538962823
677006742
673733882
1813407756
1123627418
1451905370
2146391397
619076334
1444095389
520064307
39709554
2105255415
690082561
1251104787
295830607
1795363328
1819073829
734741407
600709296
725131016
906722569
2071203071
186463947
956443409
1990027290
273322053
1166926460
1914137752
559026731
376391799
321885576
806673071
1500830853
1727497786
1832436222
1901509816
1934353429
103032605
272062649
72563648
1610629315
968898432
931919363
645787509
128034788
1035438368
1073739348
1940717766
105153477
699131968
1690883384
1545575446
1356378728
936393076
1775196238
2001145116
1556626763
1312516621
632760428
1139768921
1573944419
2094644508
504077024
687535671
1962751528
1237425957
1245744338
2083572667
1632923338
614058594
453137093
2018340071
1471854721
445719984
951967292
1545728175
2130900738
1539663898
1987730297
2144374421
471443469
1870408449
2133829984
1386919395
1743446819
2128786661
400108923
361176709
1310941781
952329938
1572513303
1714539904
1549796920
1482970729
1589951627
243115795
1910793973
1429290634
1541487000
2082392168
2007508093
9146523
105569772
527336183
278120409
364777592
1343422657
2049799032
1027680159
1111360759
1823946403
1239797378
1654677888
1622845206
994796110
324508869
916560639
1083972035
1684058549
1593458913
1385487164
1954888
2023237919
632963297
192180206
1707411794
299335276
1313860951
1105424240
489829532
42018422
1987780628
1567689202
1674942781
536647315
968486020
701135824
377559690
1986649142
1414773668
1410372351
1171159465
984337589
460320162
1738725796
997695923
136720165
956742416
729913279
917458053
1287742049
913092547
1023999492
199420452
1176183082
1705294158
1163586506
1102271690
1852057192
103441174
1232200220
1610644369
1617204111
757430802
682546670
1597820347
1151146781
1955721762
64795498
1484771484
463016255
746227464
306152551
647752228
1264952467
1116877575
7490555
611453453
837067016
249574679
750111015
1971223453
527777506
1232339137
386101937
231000600
592682970
819073437
1138433551
1249198534
1563933794
144718950
1282859903
1401239452
1481024262
2074589111
1157099828
1889264010
242551790
1428993637
844636074
600320352
2133353088
796855672
563558682
1863353438
1750304546
1982136262
1155008009
95713622
949922589
12118318
823152892
2005409664
1199425693
35922798
682636102
919371738
1938774229
1911365282
2019040513
1273783098
1750403647
1886668634
125446683
1697887986
1282562305
718992470
1320842888
1133531678
1295584107
25769440
707478421
1263371660
1502196893
947585222
691855453
1026064457
487489350
1749733107
1451648852
2142384836
129540743
569864105
1837859584
1666448034
5047030
2000970078
1567919048
1326907677
164798910
300920624
141652197
908252697
587045859
40758277
894762613
744911301
1583061923
2064418115
587018926
1286039274
103988728
669271849
1819702319
770027475
366087738
445222088
882023282
910106585
866310626
1199912354
889839966
753148810
1304182378
184097501
1464526074
1272977782
841904976
453271076
1157634619
1880239509
1121022520
1026001947
790893566
509100376
1245364017
497953916
1097022225
1329334859
1857565456
614660563
1671472235
2131439971
1021954552
1152228050
1843189884
2043010282
1542625276
822892370
513310111
1700507396
156837339
1850335975
1580857261
2011554524
884053994
1291253534
974925483
730714737
925901071
1748047701
1893584547
557436663
258499561
247167032
1114337936
1250874859
1575388173
2055513300
1714703474
435440822
504940908
256056153
807402626
1555008765
1145886672
117226353
2052417920
1920969603
728865925
1987084343
1103989800
1140753340
2080322580
18325461
2066366402
1142075887
989342250
1013631679
595085785
1502529030
1217107352
1307174022
1854204675
391420149
798339700
1655713882
492989151
127422149
1916058716
2009369375
2025599262
147664700
235006682
2138369322
1389501879
553590571
1482330595
327552408
1434186302
2038309972
1185122426
1634967883
747683407
762183157
800135026
990596994
1503355172
681737205
1822413392
1374950932
1644450375
970055338
1418648655
433420105
501875553
1446062405
1576156029
242051925
786713904
161673435
2042362882
916041586
537164183
73388560
579143040
2059971737
581606607
1174951778
1078633622
1712312284
1466044347
419609103
778300031
1223216739
436338010
2088994724
1830954200
687140609
1911297366
2118571556
1027723135
1639781234
1502778809
1735413969
2097513111
550951731
613416383
1961035674
732593831
1069734398
1823333318
390499104
1207867618
1155365857
962414690
276660070
72968577
578539770
1501216909
606760726
959888973
291969745
1172320507
1369590122
1850635065
234722642
1868768396
335058109
1483076395
317494629
965355483
2135424943
1113178843
1767880492
1805882355
429562606
2116130772
1715631576
1025053218
1149216168
1291296152
1114449704
1795050213
1058109066
208906977
367785088
688804354
764193651
594888961
1151208354
515015093
1816291770
1766035306
500490507
711366402
1782716696
2037904714
1291779564
2113470761
288596788
1077500751
1416065987
31684152
975299018
236892040
877309846
879165114
50693495
1038396779
26412748
592956045
425418531
370695155
1813706664
1488470226
1469421067
101714914
167294819
1468521725
744879209
2049357860
1672890340
111250187
1012405443
457820756
1175645982
1682855124
43309517
1470588247
1419676166
1231835766
1771387644
1170962470
1657591088
601288689
379654057
1792801450
380003589
1547483601
1809261277
1141429952
43952035
1558184710
1992718783
1758076764
1861347921
537056719
167073431
793728969
1139014813
454279637
884023934
1353493774
1961339668
1178089812
248186788
50275181
1388374942
933908340
672638526
1661917701
599209331
313182646
843378186
486975127
1116413630
933598857
763348608
919235429
2126117324
1035328253
1175703447
1516874038
340511729
504883599
1565140272
1380052855
1385404408
1802146850
653307683
582806652
227513924
1309043471
1036134373
1095761891
345412743
1531485011
1140827091
1235177753
1415141150
412630503
764347165
1451527158
764573192
1732774445
1384011858
626623876
715968386
425950598
847441283
543763165
483412544
538290688
2089497111
367868978
499532105
197721645
2070248235
430274024
1403163504
1333950479
108142755
2013063644
179564650
1366283567
972431570
1023175367
1905106321
1766289868
109843650
588581821
2074512436
1930537265
84139808
1815860688
615332760
1969137952
1616781255
452982225
384663696
2045299306
823596519
56017974
1637674164
1179820192
1011170002
132983063
573845313
422646500
13270883
2130968147
1774676365
1493495768
832288267
1498755536
2050298149
1011650232
881873785
1348045279
782408069
177024900
1239764965
732106173
1354219379
792521813
1547735802
1291727925
201125880
1676750289
1747907678
550247011
139388156
1011004602
1533901535
631907477
320942461
311913120
2020549691
1478462282
518723435
1116949431
1411063692
1791981148
875929892
1064623043
391382094
297166905
1173854343
2000074800
571944974
1768151885
2061211063
1444346174
596382897
1309479804
139853678
842937433
1003348319
266618315
1320449787
1875579270
1580634122
1651464222
875416025
1604617722
739836318
365665052
940647150
2118378949
1757967047
117440558
673502557
1682513579
1797665626
1305832871
212908808
2084474387
189999713
1397027582
557170853
77005849
590434502
1569046326
538171772
1506256318
1052372122
1916853086
939078842
461930559
1752168195
177130292
512306805
216121219
2063775424
256071141
1641485885
903387565
439040347
1758320880
431523163
644751826
1116730602
414754600
70557353
1850954692
94665857
1907889624
17904141
106482445
1336922423
1986132481
1968463251
894809848
2046982611
1882224574
1210115623
1227406792
713960212
880747977
675095020
2125373708
1193503386
836740886
1484254779
1278579978
1110849140
1838349469
916245307
640769369
533814087
424079669
476043033
753098891
1810940695
1753948572
87818980
879428870
175482549
2045198995
1934195464
1919273204
1760308165
1899259686
1563942246
168535888
1913166187
435497225
947353356
548109345
1119546770
1694807326
97936278
1504983492
60439768
1261624852
805963808
1177739617
1943398170
1180923689
812319718
1023037568
1399933591
1185503503
774983803
766055860
1777287107
1689883373
1633676194
445816437
1197295531
1427728764
535495885
928264204
2088957695
1202841170
1863927855
11746727
2054735809
1344133436
1146126720
2104085900
1924275081
271797699
822571085
132038506
960026738
773297873
1629112313
1234363851
672508581
1774006894
249361748
1198064806
1397134464
354215843
211674069
150857490
1221990242
1928306815
1232968823
1579605524
1396694805
1598333495
1261123630
1468013209
2046065113
875029864
349913093
249132159
857491209
214331513
894317782
1768378573
324167276
1329247772
1804966053
1896249604
1586696731
1451825651
672789401
247256461
1436904714
192208207
1792142999
1007557969
1132425268
1842861587
541212028
1104850024
1059274855
1026257335
2120200951
997184489
1390401193
1947706985
1416132610
777262304
1314096454
1212453965
853475579
139384925
732791671
1467332837
1788934755
1548900009
588532145
557954700
624822066
895975316
862529671
