128438813
1087752916
799462890
41821244
947153073
1015175364
801525764
517586665
1610071940
793494468
821260154
1257569095
656846841
611526326
800186870
1612349978
837996980
1882136858
577379619
1649570875
1184883941
1566138661
844662725
364188480
238444197
1856796026
818209251
414649033
219093368
648724615
368229919
1898234986
1056066546
733677439
607583782
1596903472
612632439
269793007
388719682
432016338
1641718043
643667712
1278766092
167170678
742360744
368855368
398375999
1403330332
761340349
1220446796
2083300265
584068011
1959037715
1546113174
1130443579
686208662
791670747
1126990703
1308993343
275626283
1261611843
1525130042
1495200168
2111174776
939406872
2040290669
52713349
212433626
278081158
682796588
344273808
1474726947
855103994
938840452
1121390563
198089319
1709286184
1942734400
1795582154
826922340
1427191336
1158546540
553093811
1407523467
632880316
1025857892
254418242
2046711727
1656741037
601504663
1179192705
327953993
950942290
2002216926
1815718197
1638941029
1085366578
1576467059
1196940620
1284519981
159487169
1377688975
305834354
879238928
507063111
307316644
767228610
1594454415
2054108382
879993652
1395146649
1990506148
1179537562
911333964
1924736647
1852848591
1023963587
889167777
528226911
69012158
101873469
2140204869
695348590
984878488
1377736457
1109958918
20465096
1057457638
502972388
1203209828
1506639037
1543644702
1063793421
549793324
1774371691
1550011854
1557379108
1808992181
344915565
411615330
883551534
1912356790
1610869425
207666834
1375294645
738218179
336805224
1210322026
1783358476
244048226
2035847446
614862327
1983640497
1743989198
1280561609
1786889355
2003080139
927644488
1762196070
214767278
1091266258
1082073876
536155423
954756257
895632461
1616478999
1461031168
2081901455
1503724983
635886091
121511593
359610707
60555131
907629916
407528982
435475168
1912719391
777430690
1358694298
1175691089
1563627389
1755051708
1319795179
1234946446
1540450347
932163717
1148286806
1790544535
936248572
1273167158
1784925203
1401728624
219122848
1382575192
1318287283
298007977
165037414
1893917028
2023568310
1048638857
351796002
1181188344
200577337
932042967
587276586
81721272
646905804
2078327620
1868485242
526259391
1809788770
1505724792
839741943
39014849
1551327073
310169527
922864849
780567231
1480608986
401891632
1723777281
272729957
1427870162
753496546
1835502066
877426691
1092839359
536270124
390001980
1381328934
463920910
1601688303
1761993099
126056659
564182497
1548805473
741312926
1710658655
1658345430
476727665
2022194539
40947182
255774978
144894930
1456687968
1442578054
898653694
597744807
1815018437
1169021391
602419991
1875710921
953786430
1884705897
300872873
1167781816
2086721900
2089276906
364288646
748189979
762598578
514216051
357816463
273356021
1856463892
1042413549
385105509
1311567719
1333850684
743699173
2024890426
1859782940
1752134807
1782513410
601127617
1044410708
682532252
1113301791
969090116
1813370512
285651245
2016880905
847559891
932001751
698973462
1386625238
1859743642
568991908
2054100914
440373216
1297528652
2142992749
594847404
845213021
1745516476
1860081359
1119981539
1455943324
1977933450
1888211291
1983616615
1013593310
1773821178
1295552503
2113439136
1297338063
1261579488
682577650
168045711
42500000
2039149239
503106984
974883627
1137974722
1273376466
2103061710
1774859245
1438638912
1743015850
1689151323
1441071976
1428564409
820402005
2050895892
28143631
1136372729
1969694232
1330109874
1813697563
687671092
1135451155
1715056561
217789316
283170270
750380059
2022397367
1140006956
18505257
1055087013
1604862879
821853723
876506652
1178704861
426179618
150866405
526098253
919764950
870456354
361866024
1815141435
746042332
1489670290
53312818
331391306
981599718
437715204
79984575
674042715
2091736872
401283280
565445087
1630578184
1431283396
1917974750
916064502
1036561273
690871712
2073148433
1771279838
459458534
1410196819
370317392
1854724647
749986473
785417272
162711090
987074430
669961982
801527973
680065350
1949870891
385517147
556502326
2099892988
1703184308
673934950
1130446914
690051635
954255007
142656663
632860784
1880629599
832654421
1092544876
2022924386
1403807062
664393762
844162371
1331463054
805441208
1265359449
2053578967
1670587950
370221049
771771029
1542384473
685875790
1969797645
2004443162
1151207466
1412830211
336953774
2139369049
2122784307
504929978
1396494157
137381778
1667203810
909604270
1449833363
1836296084
1131182785
1483585907
19364498
1214466208
1991616948
831085744
1523185549
1779229804
2029784271
216359402
642155360
1826915139
860911570
1454433402
1200568205
1828756297
2124034114
647003809
9998309
554279388
9297957
1112456882
98450640
1944981783
706656857
698973549
804687929
1748632432
787958417
102041452
2046791448
1099016065
1051003629
548088759
169300381
1488973284
1232697653
1284202866
2051144694
1241445175
911541683
1574065846
800733629
573950015
658232746
404904572
21874177
1813994024
1582953334
1486566325
565586416
1678269674
1536960065
758585208
1769372702
692992456
366758751
1877708883
1330219636
245834738
1836297032
700991682
1127774391
141268299
1718838319
1589299902
94928308
1679529285
1584047171
79521388
296683782
710822887
639896961
975737334
1264991107
719356656
2126462260
700527735
1685077065
1474221846
1621168395
1561554448
150377568
1207073639
1367663573
634425112
1725651724
1946390737
1730321371
912265328
1780784306
993145789
1627456729
1539210996
294061668
1194820053
466194331
71461901
586907659
1666316774
1382691121
2131662179
857472816
40155105
1461959630
536450480
893287527
2091331324
1273932611
514232496
42571096
708518902
604372755
445606964
2049770859
5818743
1468488754
1475889238
1562427152
1318912149
2140229727
206375111
250613672
1602477939
1488728347
1583669572
935516179
173654020
1356312645
498399015
1353548759
269433069
1797185619
1505380890
586221801
1132495497
1698038319
2046047718
1474222620
2131159558
316741291
969670505
237590051
78845100
1813499299
131792550
1495784772
1048114494
277548206
2085099511
933123996
201487737
779741056
2005816925
2089457161
720106937
1685554143
84515064
1777768375
1409148091
337707840
1749247378
443899466
1319686525
509225982
273224277
1382062757
1740470594
1914252342
578132125
1623727189
1999664050
2025156673
1898742504
1441303966
1121009437
464725711
539527146
680371743
1129746144
2009377948
1045923006
1570545188
1377689056
1087683026
1575397430
1069960328
1721394995
1325386492
1094500691
363657541
1657784031
1242619809
877511376
423661210
2021041338
805128325
1947315673
341078744
1756228464
480042872
1125791193
924644552
1686187427
1494721241
358977393
1240913084
87358253
2111262379
1136786564
993662001
1918109825
1104883025
1467795311
2088883742
486812207
800455145
1792048982
1399175643
1649952390
518082115
1957783449
1690155697
289701715
1427093117
1414802534
902839802
1185674696
643703868
2033847912
1289394677
1590930041
911678345
1355732894
350158632
226237311
38114117
1574439750
1277644402
1964729023
486220618
1161421559
1478165932
608941637
881637920
504220366
1820265723
178146505
759346265
835661504
43568822
834717780
1571606410
1201572623
714777582
224618748
1813517030
1483198936
2111192990
498100683
1428973432
406345673
1527931504
159975870
2010724861
1684117999
44810538
2101535465
1469325403
424234669
176007091
6836664
1759648962
1662800841
277709510
2066271824
886290526
1226910624
1874663986
785529363
1344655286
1296030586
1308222923
2046444355
1706855076
1134566648
2082244337
688857278
1607178737
1444672682
1267863738
2029586407
1054241932
64217021
2107205823
2137644709
1935994471
798157521
1979296384
831441797
443818735
1124344809
607852405
1311729147
1794198822
1847589244
154844594
1979738310
1267451742
684669096
201957173
808183921
495258772
967474310
319472591
267333621
1987655014
1930952856
835731373
47089020
235408050
2096556127
2146293891
929118528
208562125
1940270602
1903727444
1195147410
102843997
1319537224
1372919008
959037175
435645908
1014613822
1500208810
733806445
1225023625
1540821140
1970606756
95059915
1620492404
317911722
1057228665
1829130310
829818246
764599017
909219703
654780688
1327431587
1158613812
348369944
1192605722
1140604477
929239676
253454379
134465786
1544492942
1125907570
194056868
425380072
131049842
913607256
169690108
48711907
148229598
1801643761
82954310
840908785
1455594753
98592663
85264336
1641738115
1820440309
1147866219
1288341618
1765043190
1173565218
768184742
255195510
1348463414
268604208
1972765710
1976751139
1242504061
1321019302
404744837
531708648
932439097
633410596
620115644
210329890
161157900
2030098745
2130333444
692151690
488478445
972163554
2086708037
555100478
1680804716
1970528928
1436049159
81153386
1589278226
1621751860
1994058414
1764172179
1143617510
1481693178
507317699
1480453248
176575757
576066528
983999596
1869912517
971265161
2052772865
1412626942
2085058029
506862114
1994368994
726334121
1866089283
1505311842
1875505479
1248562770
2021495101
631142585
56550067
169709182
378658950
85526465
39168891
474605929
1899281831
50312092
98700166
1793827895
2067569745
2007347834
758261924
256544322
1598741833
565143351
1718493063
1971623826
302516464
696732193
1064659554
156818538
395634798
1842961367
1140709148
1678153727
1906034555
876586060
49899313
147017796
177719498
707813355
132387622
1760472288
370988818
1734778069
326110118
1474267969
1003052217
512240198
295088702
655163850
1001622559
517463061
1929257906
126821416
976659077
544293978
1753665018
681474754
983642009
872097066
1599220700
284573519
1661733791
554695805
290152487
1240240257
405947965
267398193
1942751881
1473572575
1763506147
965173287
654528526
1458861232
1014661077
1955001483
1122677045
605313811
52910294
561069618
829679537
716602924
1835486835
101562140
1121232313
171487865
1026587881
284963096
1544073484
1911479618
1414931891
2015187079
779121541
529064495
939000501
1248375096
830061398
1243125747
1811636734
2074949491
1445070052
1071453734
605942845
1690185489
1400719423
1354485297
1090967492
752351944
1222763580
405078370
2100890161
1940993413
1300881713
1445479968
1888684734
1121535986
1073964365
433516088
1941575463
1322488855
491639953
1239236693
1141640500
753826076
1302247023
1889048207
320445154
71799085
1528896253
503288858
853215026
316844918
1999886806
210945055
74218893
1901012046
274113678
1247744936
1858299346
1613716848
599492303
1359001780
1411183358
221263971
1089605141
1185691754
1887351415
347772156
368767746
2007785067
1545897461
688322042
2045165150
1184831296
1053037069
240881103
294618031
1059602418
1657031516
