1956871812
1738528397
586740182
394305643
2127695767
1248611641
1897403400
983447443
570080366
273334515
1391954215
1062764834
1341575675
598024447
1883381489
490014319
1098183200
760084164
457164307
1417801137
933249134
968671336
1994817971
1365321507
1093556489
1076304646
1375305258
1853948625
2076349351
701503119
1646108879
1202460931
867906743
2112007482
665715439
1422856003
1709526686
474085545
135260632
1563517963
39728412
529096346
929885716
956762896
1781892302
362843974
1295197108
2010334245
542171340
980078426
1000748482
1358018254
1908582514
1456908175
1330218712
1604418658
1012336444
663401448
2115668174
2109629147
1068425419
1665002631
563322254
1787777598
2079734532
1159029293
610464516
710237857
960227416
549914701
851831858
909488350
2110411806
1952499403
1236322656
2068910035
213742363
2014096726
376660336
100562002
915405348
580829790
1770446416
1338683820
1268391131
1606846388
280858248
1790303445
916338325
1778773694
1984757235
1791474740
128180060
1488000595
1815848842
455027210
61345552
1825950777
297710172
1773466492
1680937128
211774520
1328106394
1539923518
1958684566
1933268698
1012289486
1828462302
1333717321
84662722
1980634412
2130782634
1689283788
280691623
1945454849
207710272
1090949771
1125940715
1865347656
1683815856
418629174
627385820
556452700
1500865359
1703787710
1823522694
725238983
1912621083
1770508413
1924774962
1570349880
1325972678
299613554
1068281472
1958726291
1213388385
137535401
868263452
220096547
489591206
689714617
240602400
556092907
1804165346
1002473831
863715590
1987506458
1174040189
1545093225
759218504
317267356
1291599399
2113533765
1014263190
2135691469
2009527969
1116678230
1959095731
1847807304
15285797
690569456
1876163821
1788778974
2121413492
1343727259
1172501303
760659362
64859514
1143574140
435848677
2008591137
94145439
168995026
1672747522
365096112
1034256556
35111579
1984602705
48514013
982999640
744005463
1753785055
1602719239
1849468783
886992100
56923201
1346904074
626024094
376066952
657326192
1057680146
1675593693
1073071118
213472061
1953225873
1277581945
1796097543
1721628786
1513360203
1073193405
181446705
1710883207
1560568718
1731525180
1080268022
401091838
355050624
725703102
143633675
8964444
1338613905
205777861
378759737
1808502212
124179215
673705146
615722041
45097521
1278639319
1428606393
124383671
118796623
1393990185
888441590
1118134137
1543863799
406070165
251313866
1094703001
41293382
96939026
638425950
1409774
2046582360
1590791726
21927154
1673350793
1680821414
447085151
186853067
272432987
995021305
726161527
1357036727
1025482228
1467483914
731221558
281373502
1346870374
276847033
833608953
1783480423
852113480
256119781
1468934289
578983716
590854870
1533031918
1105172783
1030911835
1342986550
2140487365
1641687675
407415953
901748437
386931628
1881266627
1666506037
170142704
1781537167
249513296
1953008775
11047471
498356735
1920446165
209359139
1084782955
556314055
1212510977
641149486
981567121
9582381
1750018099
1319370012
1570889374
1532761543
460109389
1743382043
1735204810
1526869494
1034738081
357246239
951880385
76283396
843227913
619385227
1477000716
1345974998
434743059
418717305
85689743
342953549
2007543384
1619237286
780689451
2140428607
1296423150
1443049213
427195779
767113997
767313651
1398201022
1798706652
714830049
2008184906
72389707
1313545758
260505223
1433515362
1758305167
264206839
196743908
777122610
227144459
2114645535
1101429271
1678951489
1814900862
448312502
1947850538
877725921
1892380209
1733211593
1431142260
1683107964
263702236
1928889843
852652431
1859714566
1722967608
1228434720
433816050
1170530706
114481186
1417860973
120551210
318511361
1907351657
239907371
1051619258
1186064852
785433908
1859868419
1936821131
664626723
1393071635
976013107
146895633
290082471
949655968
649664758
756020733
1416938481
495954897
314185986
74095512
1450809534
1880553182
1395933739
589274819
443561825
1405685961
625757477
1898737544
1704995936
483075983
1487321703
589591644
2027128860
666928617
1422055466
254829811
2041080231
164846271
832104080
137509056
764880058
260197674
224074722
1939817224
822580414
166659876
1211329266
400668322
782716680
1908572367
257166751
447507277
1734051362
1191081566
2026829175
1010785966
751079492
853545636
2038981751
331942628
1819681506
1525577783
811274221
695749834
1743156575
1662022464
1497911166
1578382280
1573362911
313474531
1467284036
833271126
1478595386
992010565
81507343
1488772623
876116748
1383292222
489131213
283032173
758239977
1977245853
1781920772
212521255
1772382638
1561590802
980230779
1456253220
1776944626
1756715452
1132739577
174290202
1850135196
1058480976
1907133221
1135976136
1743372942
120185058
1331648908
549424076
2139766143
1349859923
1535772098
1899206178
1528465383
948544856
982129055
1319555641
1321957395
651864611
75842219
2005261491
2073373272
418416816
1564814996
61245882
1203865188
1824696493
1962765787
1803481082
1336969136
1652088326
1180802703
148367678
727407377
1617439757
2002010418
282641066
656049006
1417695555
1247459768
1160476307
486823820
1076495813
1309220525
1884580342
855395077
2070574678
1826658422
2110670748
761304152
547300869
231027375
682242760
1179312666
1005453435
2136744372
889072537
1588719945
322438883
1970380348
1290739459
746911424
2040111478
924162335
1598143588
339144135
585777058
1754310968
1924451014
742325698
417173718
1237759333
1352226736
1458850058
2130919405
506657963
902347177
905877209
2038872884
1333870199
14549066
1467640415
853488410
687990015
1863846910
1862678769
1463327091
1022571463
404957018
358060385
65080168
855088192
668769299
986850920
1108520959
1093761674
428891552
436719168
2108208451
561945690
1910014829
489138511
441366032
777130999
2093477048
1045676541
1462006397
1422981471
1090848780
1236768678
642016486
1413405574
328161368
2117019307
834297236
1469105086
716829100
1970610083
2061496076
1498008882
990824335
1883774895
1046942961
431125132
166872831
14801900
54009750
606852023
228349446
194531841
323915300
1005737406
2012443381
1504718807
2089886052
1463230163
329796928
2120795241
1859916074
2133725292
1278988789
2101144497
951643743
749076872
1342129627
2002356162
1278106537
488315664
1849534243
1417754868
1766483641
940529752
1966551245
1646143289
120384560
636702148
789281178
893243022
453251119
690583431
398215337
1052762254
1564702074
2026926727
549116337
725642528
1627356487
673489245
1234365146
1666622545
1516272041
177201016
1961004600
1204069180
2083937428
1141245025
981686501
625597990
947129740
1899436313
1396255161
336648614
207761391
797720990
956588456
407504129
1649132507
267549837
1425606585
1737533332
199470013
826702561
1171911327
1179906922
692633719
1239871961
1632547318
1221422830
16694829
933685496
1442615579
2100234170
1343026093
1345300006
179744168
734412941
1800945272
1912207860
1543420811
183962716
1390181745
1904266749
1154461890
1330120831
88228897
592115559
1136997045
73590796
1360017573
1208512393
1439055663
772211265
1963206197
476001447
822553338
1956189722
697724497
1011234008
1176416279
1868199171
48964234
1712375049
179004823
528672424
1058975978
296961562
1161992985
2124134376
1435544833
628210213
716648928
1286571751
1865277325
338897888
14069136
1867087426
375613125
658565656
1814320774
1643630942
301420866
57063773
1216210897
389049305
891272586
1213808061
1167254224
1781786146
1467492411
52035240
122634856
1325003045
1233466065
484738803
694937570
2104724254
150064404
640041720
534952800
346189711
1328892705
1211817690
27924986
1565152333
478188050
457246438
259705722
1517790644
675882317
1802996757
1327323567
2027983866
590052966
424742574
1752122226
543187873
2009774514
1760325896
966665523
1905922822
1751794025
1661105261
866029886
206472983
2111750519
1992098330
944107920
574853410
482233823
393396836
474639696
299646920
739001804
453624820
1717660652
400035088
463215926
133043507
1902440401
1479908247
682546989
808800704
460432070
1544475878
1199676101
1893090846
49483238
1888443100
1832938655
2011949931
1915819832
1728273994
364295951
1038949707
835288813
378277021
331868911
263621604
338802229
107472566
903160576
1884982273
730401214
521171670
1146704887
1241679706
1565047242
97770421
1205089068
1323822827
1147091435
1764241073
70557147
44478848
1000174174
1692338980
1307962132
1057577042
732986626
398177486
1823486533
2114915275
382728179
1826265969
1989292130
2137907814
1483777991
301500796
146544046
1045953458
38585188
18402271
2086479401
2062551413
2106516348
1131201789
1147844246
2042759405
209858471
299138240
845525032
215944754
511312668
1408688070
2056021192
34022327
508355339
719945656
1537809926
1438277615
2002927769
315279036
1091203225
1949987596
328212600
749645824
750321300
697831138
1551720994
384644983
491713064
1962650347
2140078259
1449317025
1217403664
797918819
1999783777
581330050
1185298589
216459924
1832620953
1723678388
810785374
2074070828
1605426870
646767000
220651883
1833575113
1565583712
944983464
2019380302
1118804375
2098954879
1407834088
1615697807
2101937169
1236075483
1688441723
596384987
1113018339
1443282514
89621074
1226406608
196637936
251637684
565698303
1215803240
341241967
246709311
1603989928
2014719743
1645908016
1266894258
997130775
449061378
1739288573
974101008
1809455341
1214288694
960768796
51663859
983523830
494074018
2136892400
1577903753
258941336
1297293595
945087422
782053168
23285606
565063786
1632154766
464946858
750389202
690418715
852145960
1181379581
1560291070
1210743525
1294030653
1321648874
1668382387
125204657
1251614632
1419591687
1257847147
31301961
1716588745
811023483
1444158600
657376158
1867758353
781241174
1879014312
124129205
1898200989
331975307
221957904
1679593776
1803581689
430393738
76480325
1830848629
504606213
883834750
145594297
685894781
1300058357
1502882592
1143681699
1552482107
469593202
1074746934
1228640231
515997350
2034204894
1943541420
961210677
304323685
205960116
1260586829
494351662
1363969559
344609550
1438896670
287648704
164292668
2046807873
1158415959
1050148242
1352693187
1195338915
2146898943
2008010907
1105206832
524488557
552347427
1373778894
629226601
1972544443
1676688562
1430313967
813344798
304595888
2033085176
773200777
658322387
705322422
1038219189
610510840
1817428364
1690451171
1150121434
1401380257
1944565780
1498772855
1722008799
2006111554
634077929
1506400130
1627089859
1486732388
1880581831
35629474
1597139361
732431085
1526895823
161353194
942683628
597692370
1274349140
1731039967
819284551
754077417
883608387
830706332
356724740
634030556
403182892
1109991957
714976054
570727994
801302769
