1762816632
1783971188
1792098983
1959657738
1369941679
110418477
1080864052
589515378
535707394
1089488547
856689865
1556678193
219307226
378421126
77850559
1314077063
268517537
1600200238
1976078730
1901311666
356156356
1110595443
2141915540
1908779100
1049866458
1357958700
334476581
254159269
679607262
1568117571
1776387709
2000295112
951581848
1988250994
858473220
1075434092
1973513499
811475612
734640792
1805554569
1839533671
280599754
734061062
1683554293
540341550
1852024000
311091861
2054161291
1672978612
1416711228
727142587
633799670
643325391
1438892490
1864489971
1026910495
49518606
233007175
696969638
1963852337
381410038
1010478064
1817292102
139686213
1375626600
512413477
175533946
1885300655
716853534
1889437888
2021971571
1762991332
1219194964
1029828108
1316036958
680790535
1612325763
239387236
904947954
1197904910
1163102536
1355015786
1969428265
1106833045
440502884
684212448
2087315467
274669887
1079010268
2094340902
1194386853
1790294469
583496001
342199120
360771865
1968657565
185932042
418915811
31427279
291096135
359259421
12701997
2089659337
635981622
1048359277
712258622
20029973
717022298
1536350908
563207047
293929563
2043754054
1980217218
1108462861
1251926166
788578563
1471476966
976610889
1451467232
1113575024
333566441
772996511
61266277
1109390676
1088959138
251617657
2099298937
1905868546
195585443
1502342912
933235142
1024966056
1934663035
7707255
968472478
1879047476
403390549
1841357619
1967402351
22632674
569855934
1787710779
134694996
1483988839
1233144452
1506712184
861592264
684724147
1658784441
1265573272
1164824437
1682528359
174277079
1216487558
386098987
1097393107
2117948670
854390910
1117332460
408214186
117078872
1139081679
624890659
1403578181
1038164125
228482353
789924085
1044865936
1576644018
1369630912
477920945
2021604245
837810541
66424469
112518753
1683566243
406569843
856531711
704996738
991934746
2084748099
1601678435
1907787983
2145358038
613201227
656707245
1783604025
1884503606
868929592
902149234
1438231028
1711995848
1987865675
346320804
575831979
222996115
1435039462
2060217329
649363668
413804800
1834200103
1573170360
1663124253
1554082405
12488875
286273704
1547409925
1668246831
1382286708
1323758839
1345065608
954000812
1747089381
2024387132
1217148915
2027238259
202100714
488525035
195564501
810895216
1912757812
1529385834
1810529046
610181264
350694562
1091732436
1539299873
655698181
1968812731
1680929609
1074025021
1116823094
1556549720
644157679
1850546682
802999623
1510412383
474537610
1546269382
2108001856
1931957673
660363444
939304351
1846937564
510211077
1424664761
1011783906
1351149040
956094294
540695057
1188933955
1596312694
1691122391
579939706
1641893846
141685046
1507103359
222544818
2138922825
1781032464
791799936
1662187982
1989902900
1742765544
1918685417
572289338
516920457
163927598
1478014315
1682005326
249664038
747122441
345070392
415125641
38147210
1281874975
588473607
1751147372
564115875
205666307
1206104885
435138293
580314565
1137255484
1880187909
61650103
1237217975
1136869358
903370248
415100562
1557331432
1297686312
812002968
532963349
1703651263
208825545
1773274750
1176609644
411973136
1639121167
884407987
1466403847
772123562
1029609150
1675894596
1636899018
284788493
1374316777
1192755790
1453723626
1760885305
2112791391
1076161833
518405739
32542113
102641589
1153571233
2033120563
1709555774
1200228589
1327042912
563936713
958092993
1901977536
250223975
35053744
120728544
2115402125
1253108667
688846682
241529810
59691998
845327644
2114610123
762217685
633845395
913378544
2029103051
237721324
1788739245
298943807
713110983
1957170343
794725305
184463575
1291580741
715061018
1894472150
778132880
438785282
1342678768
2056516197
2120827050
1043866795
419740824
930872653
1593397074
1079054388
831080861
151870696
281664836
1814509271
311014675
1864359566
1579336586
317650860
278476077
1792485820
2129785186
2071637473
127143916
207108064
317122877
202815127
1267201266
805453507
1526844388
264878682
1871635061
1047238547
1494004662
30790714
216409934
564251788
1289765388
1296486538
1045574705
850696003
1363173565
212032821
251203063
788937103
1655462333
723166648
728257303
1641560852
1775077088
174421183
1285088820
1521628525
1667365821
1856607584
1586589648
1295055093
1555344301
899665390
1743391006
86438963
1141550579
195587707
1074168308
794519520
1342530037
1174408430
1283576799
977572245
838030760
1552263356
438072401
863082261
428208139
555552838
1403541493
547068981
444596682
843841999
1829280035
1260522852
1590787586
1205740057
1988612975
1487718619
861322532
449020571
1286039132
879718498
1731578867
1721700704
1664807214
2092158395
1136289959
1865804926
1531345373
746967983
1958309940
1002844978
382390565
138044852
1376689572
1172016789
1939006907
766685240
1574149537
1780567037
1867372698
961575821
1587386383
999654131
1458357370
1798079345
1769894358
1107189964
2121812578
2078702904
2128160957
993678310
1015092565
100079256
460114801
362115201
1041213224
577165073
2054139814
1801062711
1756029043
852585975
776775765
1257772313
617731494
357275422
2108562979
1123982696
54305587
968515616
1847528418
257690861
2072056553
1041053773
180879664
1905122037
913507425
1547228464
2093903165
1429580781
921021073
1080530362
230593451
1167171990
930205821
1211411982
1196207502
540488932
79066894
395445736
1421858962
298554233
877411835
1238193066
295802428
267000505
645474788
1671929349
821476681
932784777
1119451517
1866133056
74637106
456599977
646667239
505191720
702890961
2035103147
1303804442
1181172885
246332701
80910480
1755669887
180223892
2004989202
113491454
662052251
1149977398
975304620
975241759
273153765
223885812
1701829393
1511347224
1344310456
1153313725
1105364942
197805604
883271779
314711199
1406092090
1911473485
822273886
1526950925
1301790199
13587143
1522064024
1990778579
1077381270
1118976233
2129672427
2114198931
751366234
1788335560
861404849
1041912314
463185429
1462154610
766817392
1111567493
1232843055
1510790596
607661744
560610538
804081862
219876841
1503410414
237709092
1233816815
594883439
804240809
917495582
2054773273
570504967
1261247897
1328329979
2050838674
1080627929
1646888959
414751744
638982692
1596392578
1012418072
1280620063
701224919
349252779
2052721579
619499041
979165658
617696839
1300201154
1005390446
2123654012
1703348072
677857397
1564721788
591885653
1461616063
601039073
1038811346
737048450
751507630
1272211512
570678200
1722453516
1194689292
2041052914
1304850045
413352298
1785056884
1193422626
1370217829
858154269
518402634
2089195747
585395757
590644857
317227084
506803185
1812094779
1850099076
343935184
735352916
1331873639
742070775
1529039008
1068687414
401107040
94905953
1078221422
102339798
967900604
1866849131
1250215414
107362453
1647063712
153439542
1417209519
838869038
1308887048
1992441056
1085850669
819817731
909710772
2048194598
884987414
1934891666
2035396528
530010404
1887096254
1116811526
1881250430
1172443191
2029657954
593448682
673224673
758931971
993109246
2064047096
2048964169
273474448
1268339915
254105360
538569942
1597247119
1451795801
1283346756
776941066
1137829819
1256577348
220186640
468302608
1291120987
920390806
2094837927
803873187
1422820324
543063481
1329309288
362475165
90754746
1592601623
1621413487
505921309
1042080535
1626768976
1828266568
607910483
189483781
1861452311
1760457663
1698110955
2080362117
2090276777
1554947027
1043932947
1204889810
448772843
174941897
145244715
743935935
183045152
303034204
309955336
1897991997
272996932
1421425426
219760613
20503289
520892679
993724841
2129373415
709285922
1300352105
1713826225
631617099
1562296648
2072046574
480953395
1942927151
1315595872
1850777471
1101345167
2083846906
1041279716
53037021
1469122916
1336250216
1764951063
409642178
1764540327
1382354229
255154534
468085398
1966686422
1885357413
1382041834
1566325195
7675719
1399732526
241955338
1660383701
1697907610
1525245572
985761854
804059593
549417549
1039995711
765726702
316586129
858593390
1927536874
886359928
1678513866
1873277291
262116138
902684241
1311933498
342669317
1225167561
1668693059
502700785
2014262371
302143326
1935358676
710810107
203757891
119701915
2099860167
384602558
894190155
349900851
1516953532
1358445559
1221412222
1971370341
983841778
862591307
905472458
1039995690
1524012589
1576275597
65680574
2112148471
325518259
276388747
885383512
733287983
175992944
1150379413
415707644
1830889513
1531391801
1800564620
49426305
740889305
1581452333
2089908642
901678950
80322845
1744364344
404628147
553999138
119099814
1616698545
81069375
2127786649
858930561
1572770339
575711748
1739514794
1174379841
749108521
1747503668
796811493
8795851
512242290
716258136
733053274
153722302
2044070629
1688567489
1152152461
1818546301
384498910
616795814
1424928133
1326144474
411666325
497558239
1997753348
403754848
1216000672
921192253
1908601552
497478717
390480783
1544011139
1360666672
769628362
2033019829
908674309
1694762355
1015431865
614682630
1338868188
1924732585
2134178266
1536355612
4644292
1712431989
543436170
1459091796
173300882
550497018
1324914360
1405650709
1413152340
663370995
1346467989
856115504
2136271111
211081695
789709272
825391971
990327791
441738329
1715681451
557945080
1191366295
1390204293
1008237365
1294199691
407018853
1741555367
1565998789
2069167080
453019097
169738701
1526945687
2059292434
326943842
1729260461
524006214
2045127009
462325213
1361934473
1766330319
342979011
959078059
2120744526
1025956158
208260899
1375394157
802772413
275970040
933558758
1936783199
319216832
1743518116
188244882
553000014
1033898974
585604790
1731491465
1355186231
1586049226
454719128
1041551347
1662181502
1776680982
269866103
1502016955
2012859079
980832261
20186792
1602169520
1532263285
1814720125
454056630
657138379
651749821
796501019
1572280330
390887824
1397898086
1373410913
252853045
1661004941
709523999
1458985739
1146772444
1562147839
1309934716
1385311871
840943424
1561965460
1682887823
1657331554
326531432
1298562380
376264223
176169287
781205230
1838678137
771630728
1747392642
171632996
972435173
591116335
1983287579
418193505
620216850
825783199
1471181534
1777006891
550603420
1401786437
163652751
406068994
591926203
928808644
1574875196
1543501319
983612645
1616273142
7117482
187220680
536841104
1610259328
1009287153
1437433961
2077300501
284517649
160605988
1308798831
1479807152
1008232247
71753512
1675953964
835455396
1131655390
1106056870
6656963
689912187
1748658789
2083406107
831875799
1471882859
821990238
2014395148
1546633428
284701141
1896391138
1382842199
881051865
