2053217443
1228722661
1218378411
18756024
1169765823
1192819770
1650760691
84544526
131363303
677282834
773938060
1103442223
1336930344
787997532
1728690809
1777389571
1896711137
624829378
244049071
2021668353
170881989
1529249407
525507808
174973854
604071678
873717719
739365749
1317879120
346538607
545450040
1186495131
1457652541
1945655314
1297523947
696928629
202332549
1399548545
1987435127
1272791151
1585629993
1841440400
1598839442
1927405746
1184649622
1309660438
1329692613
555362483
333122258
203761357
569149595
1813153767
463923266
967908431
1818307717
1890655121
491405333
635513920
1308255309
102934203
1186122577
620915083
959381557
724686659
1933589112
1623165893
266028460
1758235148
333392598
808704941
1738829484
1204019286
680650346
189343189
978224307
848238632
1408563311
316077402
1353363803
1931885034
132399237
2027649230
1019985560
1745407247
264621697
1846186807
1930436750
1398138351
868905166
1509276465
887915277
111017650
1162379134
156723758
1507292330
1928080744
768871921
213319134
434530683
1300982070
2038451488
482741673
875949934
1483059372
325617799
128341593
2092600902
866517809
1591461805
852983253
2134207796
1117994911
2112667217
1258164488
660568078
657005036
945313074
2032745953
1250909742
2098559485
1179628923
852683635
147481834
538162591
2119655626
112063036
1609934763
992229264
1924890588
378558082
1398603692
1018578359
447885783
847480537
1704881489
1803729012
1338459698
1482866882
2128379169
322016530
1446603589
244309358
2055717474
2034343257
623344489
1632168096
2125930832
432539200
1248670411
1965884336
1149780729
2039457728
410597330
77936299
1895640248
50468804
1457193002
1498280344
1977718091
1379549757
660978797
1749557205
1376924052
700919889
976098414
748998560
1906954985
1981730995
754654753
1410109363
1555812632
749449998
60791082
930333958
1811995130
1776142490
615979264
910121656
768794802
517299154
437479358
701582856
749110915
1547735356
1348537222
942323837
108787531
1073144679
315521170
2118720038
2015810464
987966451
208673241
1883162108
527196806
2080631754
39058010
2044883555
359720138
1288873069
2035972359
359665615
1801487357
106837097
1452675409
766846852
1800271632
32590056
785048140
293938293
1720227465
995956323
575094399
1515587662
1254963808
1326557813
1884892747
1848389261
609278840
238045387
230256373
1971576779
693736125
467232056
1375934546
1523685145
881471446
675212517
1649914638
1453194117
1322140039
2023534757
1698834841
1867558844
882379175
38003303
1516740014
915225033
1367307960
126072773
1715195008
1505191164
1894309160
646472633
123685764
1005101030
600558115
1030404463
1932036054
1400240256
1587407379
1992157749
1035801161
1010727019
1953209525
1544417422
514810382
208913234
1827107033
1058560615
99473407
797636971
877879734
1211253857
680684681
815923229
960122855
325679181
376377908
184906428
983420934
597409973
1453946577
1187356015
287574244
1780392855
1408855359
1418527795
949156706
1539495469
1254615513
1699813368
1612852718
606198759
1092688767
1075698665
2105628062
727278203
1221249856
474438857
797062882
801049874
662228129
215481465
1807587305
1573945507
715909260
2034283414
971947667
936289117
417615064
524323647
1975424014
2033197374
1058482801
885698804
1139746832
1468426177
812108836
42378905
65662383
1269918388
27201546
1719414938
1849600992
376546343
912313742
179618858
1095154570
934076800
38621724
255219620
243256646
2133954476
2092285543
1171756818
2129334454
2039306352
1827450455
1596694219
1181824895
1992753886
1814640014
1111719478
597257700
144222434
1862851222
1466295469
292094720
289829884
1419631273
1816230526
1990400671
478098184
1044488219
1151633419
1400595130
2079800121
515372392
1703718161
46425742
1321412132
925769430
327911941
491895128
872357624
2112464070
1026121114
1330631343
1076400332
2007840925
607959136
1398216317
601565201
915848777
1446938758
1134371483
528431398
1981817971
227794880
914299913
1762049547
1956468032
414905667
844191175
1748450605
1772890562
777979373
1888242514
1850870623
187689473
917427330
1203013822
743537386
1581286306
2097916946
1029356141
914926011
1200505138
1700980342
1743437417
1046266043
163408914
1013061881
374616420
640259644
1154081534
1633036563
1870958921
357614990
1715031867
369601359
1691529086
1376873906
1734558301
1886064207
1115475129
1295509798
939599538
429994982
869685372
1410855135
1412205647
1437416035
592965166
884522069
2089876661
1099847661
554944983
1707200696
1451171615
1312344586
1840942712
1756385600
1247909738
1683422010
1761597445
71811746
1047570849
921444544
90944256
338580382
1745374244
1677963904
1495118772
676584629
1213526645
1722629891
341313290
71559416
1405483680
2059025816
930379531
653670908
460932932
422289558
264961266
1547065578
457322561
907479484
1169234669
544335539
1587975168
2049417913
1857214320
1472626016
1037005657
148683719
1914295350
1956844679
1167532582
2036888177
6593238
777911001
1647687266
1421001334
135780606
199202521
1395458044
195658438
1827989070
1393770663
1805644606
1808527529
1169984979
1582475003
1490423765
1558743807
366654750
2056605997
1877601916
1282285474
591862528
49606768
2083176265
1016925415
1328613349
19943967
1009459860
1047779652
1431267787
845276463
1081370240
880960267
1066169821
3925189
1929106215
83954260
568035760
283859425
979914598
1186813689
502900249
459556407
1653688386
79936699
71597480
1047292446
822371573
1078345603
56209606
1264531362
2003710361
289003970
1399812455
427599028
2132445808
1621141241
368142443
750628481
721695181
160756821
696276631
1455718367
230136483
1342798194
2074118954
514542820
2084802985
133503808
734718495
72619409
942870310
2036644611
953539583
1183621548
1656101726
601076596
90644832
1274881963
1465143193
1565771269
1878336509
1519202508
1130503628
714562114
1852702579
1188129858
295348455
1476202835
1451498390
1716405129
961714106
929681310
1971573358
1996890586
1666509957
456031881
722680785
302481595
37849882
1032382557
1895094430
77458350
433436593
1252208710
7829395
1300909321
310474824
1718323319
4804044
609875429
967926453
945154154
1351212249
498660144
971178313
389260613
1591074938
529752542
2022873123
854126168
2051153401
740463676
1576252686
117854147
1936559909
1186855525
399676440
810319157
346096358
496295885
479396528
167954126
150596994
796209147
94505850
1525463590
1501545067
496276563
746214579
313626983
1868485058
2048154897
925875004
667955861
1492730732
2043529042
133518405
1843699951
1806592463
2046513740
786014103
540009069
667043370
430765470
1487361149
1663138664
1515370639
2126523074
370529104
1899086425
1348826493
326228895
970646942
768503225
896629534
598698044
996153079
546233864
2029543449
422385038
964202579
830195178
1433368085
1981503346
555286563
1963848299
1820219852
1966704566
107067634
1573000547
957885127
1914420305
451137720
903582709
147735739
1323470515
1972153020
1817082673
1854862464
1216267831
1001387554
1541987545
2003845802
1963456438
1977535256
2111174209
1439600070
399264821
255537305
748266320
294145587
1974517950
761394397
415809443
1763442074
1029460300
1182360157
1965766608
1552071691
1453170911
1360132998
784248007
2138172597
581030064
518981370
1113369429
785884226
1410095231
1394562685
330668482
411656909
1844105736
1638617730
2013371803
1104819073
536660372
1109652563
1012587402
834989007
1157023147
1596913879
407409505
1059644491
896063462
644298243
649640501
1726162212
1524902115
1244437728
1520293031
905158718
1879052627
1357779508
46199614
956150510
1377202733
1135601616
1714672368
1441581393
974659077
1790206069
105726912
1106877769
232080759
1339574372
475666305
1398418197
1201862845
554454145
1380907704
1512969612
1720053857
1123310115
1525397919
1901777910
2115759884
247525755
1829147462
1235657607
1317023356
57341086
2134793428
1561777785
1450994068
2017008944
389830380
101038789
1419720077
1031725743
907720491
1177416317
929659978
460798809
680724429
967620553
349178314
1520058811
1298636655
1985619580
2062237367
863201496
690852591
1617839442
234756635
913213682
1213244271
333129928
203353138
1626124023
218155641
699410840
2145330266
685127819
1724982844
937412816
1182059559
1903060654
1196042229
125926286
1648320915
201666826
632096361
331495514
19587666
2011612124
1657050766
1573535776
982448708
1798615676
1946143818
93076680
1993697028
1489733770
1700021587
609841012
194101917
2123891639
2007719989
903366742
31852381
1315561517
67273074
37118507
1446133441
101106076
974080195
650410839
1950543247
10380003
239245437
1882891934
563670787
1953093207
2056352015
2102168956
555651361
366100658
2107163304
1285111331
1137239081
848828571
748779253
1140825871
90263337
565875917
1088165128
2023244359
723688364
149918439
1392476500
1873211953
1410714256
150397137
678198229
492958226
877536246
2073588421
2049941068
202542114
157881426
1464578049
1255521448
208807752
657295522
369008648
136489344
685817463
133143483
550920847
1333297341
1539650468
1217955518
1185872907
1866316373
1672845411
687859370
1429676244
1190291250
1569531421
96635147
90523894
252254769
1190608880
303305169
1850603157
387850053
1725069347
424406075
163035386
753910460
566506309
239278322
449320510
44337818
336609
689933106
1500325265
1939366945
2138599903
469952291
1868186664
2050484082
371399802
1063097158
1781198529
1333850957
2058784217
1417948939
1210411476
800195317
314129741
666148991
2059895384
1269153839
1367975206
1259932450
1449283886
1366193000
1688440114
631906774
623807278
1092424694
1574257363
3630580
1561429965
1717164663
2064775356
661849465
2053359720
1085298518
1726490696
80226910
1510763055
2035232620
2146856567
203271429
1053920432
362528962
648478341
1871985615
1198806783
477892981
1050764328
1257122250
363849088
482183859
1449389927
1337996936
1142753873
1269113313
384943122
1156432139
384920150
1805496799
622339810
1416099804
1211048162
1447257699
622674477
1221507131
1807922174
1725381506
441728069
1921707632
366986074
1083421517
1639324015
1415932224
575241166
1871446936
517768059
1738158715
1421506955
1959861718
1832071429
1712823986
1911579362
1001132832
763774534
270099975
949626288
737375828
2111809943
1002649628
640442726
1022983770
210429316
652434733
1007560625
661310082
2125910665
733812282
1447615946
785500937
1629872748
583241308
1351133276
728821691
1498515254
1470713657
1969712140
2061885106
1962069967
221596307
1968377002
598349116
615117877
1343073018
511718644
556365019
505424729
1446624674
1759875329
2045599333
102417558
1520396111
1288701265
795024716
1764499150
1448457837
517934190
1764656376
2040444707
1819100220
1908475198
417710672
1686120783
1625831208
1333386216
