1762702452
1018949577
1659499199
1435024734
1932648689
96687276
57721482
1291606257
827704146
183644427
2025381087
658415811
1579630335
926771294
2064405727
1636131257
812009177
47099359
641686532
405346959
987014846
129572064
174980210
2087386308
974037802
1811463369
1423042150
254399014
1627566330
576457390
717906635
1103851765
493725516
546194057
931110123
1158744247
1534389635
1391116825
346789186
644297112
273565543
313360214
740700015
1680296059
402456937
236596367
251063620
2127446433
1806065412
66274338
1460013308
822459380
419122494
1572066775
456114316
1025425137
97745741
34770906
1570227218
149564721
91626327
822222164
1321720170
525440402
290368850
457872549
478406368
2052304134
286283275
1268338496
1919858431
1924291320
615539778
1897932066
1874716552
693428822
893961713
1513268720
1299223934
666849599
1929203629
1465878956
585332830
296288587
428529702
384709395
1414938221
1011782257
1096108489
151764375
1663114281
221801113
1337584772
1542500596
1192665313
7693247
1362971049
746591345
318571105
1314517696
922758124
217201590
608907717
1833873605
1155358087
1672038212
730409838
968741193
1724507773
1576202900
871896083
727559880
1957407994
2094721488
1704842479
1016018950
2012641753
787120424
1301874968
15312888
1142784832
73811923
954019312
1610191443
1516748646
2045218979
1648634036
793767600
1024942453
1991748162
1432441650
1943956569
557384331
716448014
1020486039
1223227571
401938650
643761295
404067174
925434439
1342602990
615762577
1462092165
1069392495
1478683919
285805027
417069938
1691121561
936273596
1028712106
346654098
1474927163
1264631384
1510845026
1421879978
18462291
1511289057
116236659
662696551
1193800601
65551322
1893267564
496529175
733607493
353431371
1911419614
1588327546
497476214
1406082527
219379159
1670785459
389737542
198470955
118456314
417106009
450862695
1646159886
571394360
476478123
398041465
1365824819
1340367917
411298528
1271885292
674739123
916183833
2124690843
2128147085
1444487128
1743118969
2064421245
1049549231
4293116
772758337
2138840533
869316343
1915259281
708050617
505211506
971245507
1802737210
47820273
2072275610
587370551
694309141
2109144802
1257956627
1041055462
1497126940
985088291
854102878
1092706586
1728773537
1660408900
289423875
513839553
2119712247
2015250891
1143628807
1922591988
2044472623
480537801
1328589691
1140699684
890519296
2083449111
400120111
813637347
64219840
357887026
2132972931
359590989
1846824335
806009265
985744477
1090943249
1640008851
46583135
2123097654
867584544
1796659549
1679344889
1932605519
1240280048
1116871274
946006917
610493954
107208301
1397643718
1599791181
1897643315
1747408253
1050295243
545485687
564656101
754071598
722067464
412709442
1341213929
1351018623
990096957
1838071007
1342085553
658898376
1451602306
113942505
1010177858
1238481862
1172980614
1100745603
1064840264
2144186439
299690485
1572463117
1844710979
290603374
1536976883
1291270274
95421407
1813943972
775235014
1200947825
1279933026
1871701531
766455952
964182934
93601855
931909888
1851601977
1000571157
1970951879
1803294781
279834987
574868562
541650175
1574212584
188207543
1980588399
301315468
654374731
625892309
1428779875
2092362187
44469136
980118024
1278631860
1208642557
8301321
640820384
745874385
1417124512
1834051354
133161625
617778702
1492240089
426009284
2069836385
1973961788
2045665292
1588104142
1832086711
981031396
1730217614
1521613969
1354191791
321900576
343988082
2041573473
1320116178
52164887
551379840
2093962388
1826127202
1422678291
1560208196
240197680
1793465274
509886273
154425922
2026257461
1777242324
1677783044
1969978183
1609918083
1273164517
144759542
1553547226
495720809
975153699
394131068
1282884818
8528332
1987386534
2139355908
361307649
1286090225
224130668
169662430
1444803342
181681895
1618915191
161045428
1622529888
505644692
1048187409
1872865959
1073180470
1853348954
701539120
1761131528
1599706068
1548718693
1638461172
1394063792
686672088
418977172
690805580
1834597117
1769174187
1821401601
1717584569
809366889
1227419155
399177263
422000939
424549576
416190692
1391955663
2065202439
857230622
1612786647
1348572463
247379530
1644656666
1087650163
186436159
20137415
1448800307
736720423
582768706
1705477772
2024622942
373982585
1900090638
1671267171
453277545
501381209
893214463
1952399988
132676087
759178895
1802083966
181659912
689698329
1982295380
1196103209
608442728
535376261
445023484
1790921632
1964182756
1395127157
1747304400
987296491
2013793263
785135390
1899701242
975169163
698091111
865291211
1743811225
194270748
486092275
1524931734
67194357
1601041827
1377211526
1825896899
1090539724
621975418
1505227008
1611587001
1152190667
432814805
1027197939
2060437406
473032216
2013083888
118781570
819094926
1413501452
1066523351
1778666854
2105469047
603078398
1356415441
1038871050
263617427
1346085690
1801727082
2062353366
1923381635
44790033
1235665436
117367690
483367173
694337034
142815129
345336512
1976494930
144829238
976584120
534368659
1865033239
1396097185
1660267769
866540639
1403671309
1536396773
1235992503
1376283550
1096261431
1652982232
1759640809
1906337777
120759224
730434405
912020884
1743596608
2080580174
1016477048
1191212753
8957944
352046959
91099155
262713974
2092290931
17982462
1199528062
2058651748
1501253750
711250090
2098639515
2018261613
990245075
91753699
529130839
1492743391
843861295
1814731642
227847229
369997234
403731934
125599445
744476709
1643101257
1249904618
2037380811
935057673
376695784
922308659
48366114
203148023
91761331
278192
1441742242
334594083
649750367
1652034515
1810455253
693391892
1038716792
1613926923
799737950
1031005183
1742954573
1892973923
903595508
1952710705
445521019
298160968
1242742265
845912741
1180946453
1886811239
962551483
525347509
2083876205
9001653
1110445382
2100801006
797355138
694252936
846916579
1724827132
1657288453
598779363
1561480754
948274116
1698974473
1377139919
1171133663
1644990865
996843080
198671844
592235268
1088786021
736816140
1282263015
136511259
99912817
593115073
500983181
838660510
732808353
999648788
1496754270
1662931773
2144973134
206876359
2077822901
1668115643
1679483415
1108158740
1867734499
1702013542
1183054538
468980923
497261940
1057695025
482439035
1481896362
1164769417
345793392
1069658039
907336
2120311908
33631023
343904979
431178847
591610627
835379246
465434461
1187079332
215235811
124815229
54568884
147691747
970503397
322710192
243119540
293824715
942364750
1624831168
1543741321
567205204
265448681
921698942
1526968229
923977417
54566727
216498356
1857366476
1601771893
25506599
188174810
851244876
417606382
2085328880
1820333426
1435411531
325728761
1783137115
356846337
1056350264
355552024
1328731181
1534519978
2127221603
1083704247
1187553058
495283560
1094564777
393793007
1690626022
739172071
211903048
698298100
2117118012
1562424064
313171153
1440471586
557967169
837925072
848964411
2065869471
36029131
1336812915
1765303571
1248218540
1488874732
183980130
677988305
1696073613
464273298
1203542887
761911367
1810799891
2013866064
1773183032
1067772211
343804867
87019063
880106936
1369209075
316299941
752612318
1330364101
583399512
1369075114
1611118466
708736191
126545042
1387554234
138507078
1610989463
1090813515
226211674
636493723
937516431
1604298705
1646379511
708327866
1325366419
1807799403
1679577553
1829851214
1566254900
1356391116
1868699271
2109503536
1139427133
793418917
119781435
793643850
421197812
1595856213
2015941985
1753297821
379683311
2046198204
669176617
1135731805
1947466383
286079789
1748765319
297927481
1248207134
831766402
1304984539
1526244281
1017623425
626073673
1659228994
129390273
1410405530
1752331035
288040825
373796914
1007533628
2061235469
803569000
323962032
1815189707
2018227008
1894038099
961708414
561902192
1716316820
1294814872
1980293252
2007789559
1652322425
1809679142
121838195
570552645
974231269
593097595
498604287
1863385977
1914969442
776166999
199199563
1668487837
366928191
1265669890
241049187
511274249
1037573862
2093613367
1753578466
885647956
625161806
957391276
1512722612
493512696
1270678663
384920895
917814774
1434697089
1278411890
1961238718
2079569402
2009606770
1140230291
200248147
805431142
562298804
1536196607
1607062922
1217591420
781526715
1249859696
1954148097
225047668
1584775224
1188015991
932965547
1873145093
2026878068
1251583184
776782272
1981805058
592621392
1995947985
1267096901
744857889
40083926
858356221
351000115
1611509720
1649705851
1046651061
1978921031
1398272352
1355066612
1550442510
1169875813
1918925532
20301489
465299646
254341034
1506125714
1919345914
210617135
1143597069
1285218135
591858597
1776288182
470449584
1207836938
803861361
1375577053
1297266121
180646710
1417513731
1297915100
21074984
1066499291
460082554
788729639
1493476452
2037426247
608184497
661876513
2072423334
1523208733
337333520
1540546286
685468945
712353399
1918361871
295712101
176360141
718269992
565523017
822559269
1553870255
2102144538
940088888
1673724095
1549057414
2113542870
1834093715
498765073
1304663045
875659811
1928820033
170904242
476197960
1610575045
308841464
1637077385
1922576644
1497651814
119753591
2013548920
1355451216
1908873619
212056668
473317174
1008989194
83221981
1893000099
1296383035
778009063
1187468832
616471739
547638228
1217121819
155690208
1997230918
1466140502
2075519393
1777941710
1882897518
1548198767
1582071080
460309355
982114271
1709914264
1081750938
76233668
1030133860
107929766
1934327625
1335614299
2102150178
71064448
383062456
1553664806
516488811
909249771
89861636
413939377
1371954496
72304001
21895662
39856990
916868198
1775167681
1081016710
2145380813
150224931
1705321023
674826612
105900886
1693751701
2074999804
1499266022
1854602675
836744880
111527888
1448778257
2061760187
263440338
1986096644
581516390
772776521
1289757957
902550268
1964116820
1355574331
1732148432
839820817
863550131
812869782
2021250746
589302653
619991508
1282833351
1170801500
584299375
2137532962
1175028996
1432466466
1638207551
1617292916
1743817937
451089566
1087995324
2024015091
449517983
717905800
460606368
1516268963
1817504911
963742038
2011413797
1144962959
806783060
1941944948
1382887345
70291093
1778648118
1479865121
357546668
727851979
95341874
1911935717
41400946
1369051789
1998001983
580001202
949147748
1251529765
1190387883
705706135
964379161
1936602133
1066699172
1492219931
1533665714
185399043
393028051
1225177660
1011517771
1430373954
2064559651
900359684
470426510
809044473
64932000
1642891972
384179041
865074162
1198922874
353335536
214256831
925359361
