146980799
599413837
962572416
39498592
1643322778
1265358519
973360558
775885565
361100783
1160109382
416133367
2039803909
730189235
213238397
1064219219
912344078
1245422883
828209196
1247256673
2042639509
1333046860
911411410
2016358328
1962845418
691382693
1571853451
834784604
933936316
47983322
1648157623
169240141
2052197693
472917924
77351210
553047609
237281009
845959891
1736125961
329994065
228512280
636085613
1472151879
2064330040
2052103094
436508656
929162428
1216005400
1249331516
840281524
2061898207
1142219983
117937364
1244730477
67473440
1849152327
1788376142
1119730124
466941669
2031666148
1744546978
322066756
2027656478
1761464086
987223073
609362922
1779693703
1382916622
233311549
962118773
404450938
505755532
742417393
1606115685
1973581934
504826839
2042255310
647782209
756403728
305946055
421248164
1407829240
320284412
783822588
88259529
24790121
894871064
1205130545
809787401
914032894
1330733197
1860177578
1016575530
692096627
671554147
167160779
129903642
892264885
1015083704
2140143555
1006270647
336711141
480532893
1982491237
439481915
268670843
1978222989
1677552919
1386805571
1795753864
2143313547
1193991395
1770606202
1173596436
526714071
464511915
1806346470
84359845
1176607052
309305977
730294991
1416459745
1632564569
792487669
1917113159
148074315
1681293466
1608615407
1138506331
331214889
1897234962
452922652
274965972
190205062
963775239
1009360350
1640931498
1757894483
442332539
777249596
1105518342
1859794601
482742338
590099697
1580914930
1451031082
1949905605
1693456800
1213277600
475592069
1225822801
1633712677
1900151124
1874657559
2040091420
1931245574
254871534
1744822959
233893591
1339422984
94883352
1145127018
465283817
884087262
164274952
238264253
1662646349
400087548
1383818482
562041490
419280649
1775923851
2142564878
914117769
1238759241
2017847925
2051563585
1651915359
1779921433
733190559
508413291
1306752364
1242665916
1472163127
967637580
259181894
1935905195
1176100642
2042585619
1382814083
1306699309
1142141592
768761989
958277020
1467624335
720873420
1893910726
1433315566
673181953
1481013443
1843670728
1209326810
1275249421
2124190022
602645837
180456203
809419188
1607341043
423891610
1821363671
692239911
1270668909
1584063930
783727807
256604703
1857380019
383161963
1873944337
411910873
1088039822
2044000682
1696097965
527565234
192115236
275125462
1647727844
1163492442
1878420138
1448655235
1869400956
422256312
1886004791
934859742
39021520
1214531674
1687300019
343143864
954910228
918796183
1478253038
429344817
886241974
736250948
51844301
978497026
984076257
2022898703
944571295
765427814
326196507
1667723899
133160590
1688596646
581472014
1238660728
1163397424
1885517888
1556145508
1640550302
598624317
188703155
1956441291
1874527494
271966299
669651946
2145982232
450752453
482381846
1046374978
187741064
1777449734
247133931
2036302650
280684833
916884419
240589699
305926070
1962521911
1029679648
1589895933
825740528
649269258
117024356
1329294180
855798524
539785613
128160660
438262592
232440309
61034561
1887637934
1115248712
1409087433
610300992
861700479
438761269
2137430175
1557911638
1802787873
1323013809
1500386272
969720650
854870037
387430254
634089449
1137550138
133047801
2036106068
1024968267
294024484
1228992230
542856658
1629223613
1899946625
2110185064
567031638
1109636767
1248417547
485622299
1269207
110121771
541749408
1056172254
671933583
364379194
712264511
492751799
894897351
1062729137
881019694
1199188547
1265007050
1982172550
344074046
485127384
1303706107
1022878834
414520614
2104163897
1687326467
1799182133
1718098445
1993543413
128550690
1234301569
433758500
1595053148
776051111
2130246532
60988015
467698975
1289427066
1225930517
2080605091
2099033475
653945047
1044658554
1289346347
2064151873
1007490325
48212180
620866885
1377104126
844425636
374602792
614912841
1757147490
668643094
38592778
2060979466
1883714007
2125542228
1670910440
1713483861
1765026016
543847409
111544048
2047031958
983940115
1470880667
1005882271
1508047002
397605301
1399563437
1515774695
299182191
1828295152
1957728994
646956028
1111496552
1313630643
1187927589
2069109180
54320701
457326886
2116814980
270667449
128744783
795740105
801593666
1163562980
1349729032
130684968
1929254667
1532235735
1648903777
1140405565
1758522178
1235743934
1109770109
991150946
1257060471
1901640419
365258867
107304689
1316564468
769881558
551051305
677794426
704397942
797964853
1894541659
1828646560
334456825
1325242909
2136432571
1566352784
866347692
2074017325
1110023475
1392024607
1835076868
2067154228
1429352774
1115505279
202216173
671822967
1454107796
27461278
1062702618
1630003872
777544316
1316983324
1486544253
671409989
1639850716
281062886
1466429907
1347729684
1594985971
1032029556
403278167
1504609433
1445184616
1586144155
195376278
441673132
2041140580
1629528847
1975916130
1791855994
1264741594
2107321465
2070311136
1247248174
893936614
1976663089
1258533309
208809275
2097198419
680741273
219271037
57893192
194213943
367036949
1398663668
1321367737
1239655097
284174762
700268493
613425111
214529779
1637577522
837069639
381048219
1444125682
941982265
546699264
1404609052
1211729114
1211218040
1049854954
741411218
290580519
1873924332
153075034
1224009222
688531726
71551633
861220927
1602580888
1762112769
511804608
1820128367
462580588
1298822994
1523025698
852782877
974250291
1412932847
2140540752
1930459495
1935066961
677790283
2055675401
1249582604
373336496
876275038
931520015
1290420283
1371103009
750147010
2115985054
2082512262
1473923434
892521726
1544174474
143637749
769739760
1359329504
167931124
185105719
1312178946
1832387075
1517295784
215028724
1489266111
1950677105
1269030678
988966974
242719910
1903175777
257998315
1870402085
224687800
46430497
1049838156
1729923433
1285687116
1951602703
1545036975
1809706314
868718191
988729793
266995798
1379450748
1727311349
1082694469
314095720
1227148343
870886689
312225154
1074912429
1333180778
2006428908
132625597
891371493
298981135
1081941749
68662840
1049125318
1742922394
1430860038
104885748
924823185
311332747
1074569023
1947207320
719672912
1719387939
1951874786
1673080170
1051729326
802238771
1836592058
1875616889
705176178
1082046479
366158376
313038045
980233626
1055512994
1873620939
890929943
1441910032
512538523
596346059
418703250
403443467
807450821
48353219
1268616523
980441349
1583918453
2079993417
1294071948
1784181844
2092665116
1549229083
1897740243
274762344
1009771260
1240623847
190226642
1740991136
1960415224
876604598
952638352
2095780809
1829619588
1350376183
1187167661
1481120563
909600187
1476666404
2136119234
29502322
1418460303
1408199187
535738087
1255240878
1175160346
1371937499
1007713358
117737639
549431828
2112433761
1352502540
1079753802
2102175838
278819454
1094827000
1997195496
11868858
1116205006
1242197932
1679886105
802348958
263229720
736831145
1208237356
1402642461
1773901653
1382734743
1714395977
870613765
1087571039
364129193
115875622
508280584
1883883063
1119764767
523319650
819977746
2049510643
291677157
48246401
1207804857
2024592706
1041511001
1239043461
1624418515
1420448157
346924074
401716773
367910433
2090564621
1469192539
1477839021
972048424
1278589587
809523047
1263139185
420767264
1554391095
480343679
933519855
1106761222
141325488
1491460335
1932724608
1073342412
1274465452
1557112478
998178747
515568048
3284158
183977652
5636711
32724906
1793118434
1359491414
1425672474
1276532735
676270765
994337676
764391538
539217651
730662933
1878171460
1362484975
952976283
273806554
1456529776
1597807980
1137029073
1487915153
1297930314
1830206776
1759024448
929907531
81673143
1384220117
1348211102
1188395750
1455098313
1133986892
484099066
2108566256
1960560991
1756706347
328037675
1567807795
384177383
1609230877
1669961064
1686730977
1005965124
1521537060
327729398
1032181341
1734444235
377836405
1660853756
1415296419
605854310
1936422896
401966450
1479814486
361893083
901485882
352291128
1394174053
1350345255
417753465
680560963
1215600728
107843332
542399915
577710578
51151421
1098953354
1712223651
531996031
930066473
1263380978
2046559650
2134397584
1595666797
211230325
1742202766
372750829
2078634839
1722666835
925993425
1629713741
2092588194
169015791
863621585
1493721417
25458043
800973335
534866951
690490482
574162480
1302486114
55428030
1213156734
1438627447
1473404082
629374058
1475005085
987486041
1945283289
1400432291
1924359145
2085626298
215678808
1395690173
725193468
548115333
708569667
388203268
1991635357
1714337144
271124032
398786457
192297362
1453536137
1384913326
312733156
790704025
309613044
1491986402
935681460
2097220465
611674338
1238078604
782360059
1856704275
19673271
2113641272
1448717087
1523851006
264718584
445873393
869738750
302861744
885392343
711943680
978633345
882928688
1834819677
1376726482
1320347867
1995690440
125091123
1292907255
1037864031
1138601169
928411149
977384774
2109999356
1900170918
375848372
38367263
887627862
140379322
2083915438
1864914633
628112257
659697862
1969630347
1825273081
141086300
1041658395
353591247
441652596
1864128136
1357500949
1107900023
1224372427
1234374660
49087920
1609696042
447497798
1502288231
734918196
105379070
57991388
442261944
746447628
2111580643
2085104221
1943493101
334401205
651967920
2065338034
1977811967
2062026962
184385480
1714786621
604936614
206554972
1518180712
1528632922
622109878
114483446
1905987217
174621447
370213654
686840414
1537516428
566424736
25751640
2113771776
1466257695
771224258
2130431738
823012516
790827338
1957043538
304417592
2060010056
927035070
235370646
1157829004
2085237257
1987928283
1398217088
180155076
5159482
4628068
936776716
1396699069
2085394839
1435709634
225291711
1233635009
1706121876
223130097
1619719758
1821916283
397033934
2009284363
422578273
316406419
1082093987
1997064559
1668895852
813989354
1911321821
962072718
68777917
88632947
655458953
626339410
1270104469
941185708
2008804582
1722433579
917088365
230650041
1895386489
450975415
803967322
962162459
89137214
1661302284
688221066
86550289
1823580152
1093079205
766165486
2054457995
1080284585
1576863464
1846674674
374267847
1457515806
2032260432
2066935399
238638219
1175453858
108870460
651428226
348048125
949530067
1743078483
1430833406
1453218338
403563921
1736851090
2147128668
181115889
792168722
1557120755
7314763
568820499
1140950546
1260238523
1335919138
1989055034
24921128
1236687713
724195977
1653403419
311252276
614728470
1097565496
1935043337
1253931765
335972341
956016087
27802416
588264375
475669449
995315205
1721481834
1847730217
142308981
