1543369845
525151937
873378892
1652902148
1165556786
892284034
1894958472
1906521934
1695329795
1003671802
2003347417
1899825731
1134044649
116829904
1278454822
1007758551
1486313157
1085400575
882635186
1485915530
918185494
892240238
987274411
834313875
542622176
792581165
578135008
424978088
167146153
683880526
50562960
681210989
541346718
1595732318
1286759261
1870190198
488880850
737768575
903802208
123279867
121052070
772093987
154080342
1032409623
1418431811
70843751
1657081591
1029015996
1776512836
1306682633
1936379495
259123768
1824573041
242164232
1065674182
973897820
282192807
2116713431
473635042
1667099214
770115283
303987261
1354097676
310040557
1614608413
1892005068
380858120
337438684
1506963745
214982651
707493150
1505233710
1657151576
1653527010
1247874125
1629108652
1418260629
1497192594
1891202463
1017503941
1176338092
185654287
1981546648
613685011
248383277
1260479980
1536818120
791821958
47459918
1992771713
365857920
1365204783
646063078
575750090
216434593
1816667307
1991427478
583370207
1756611983
1311049770
12484866
356873484
901022533
808243483
1796003901
1212871052
615416451
883308150
1438026307
619738343
461814562
1873152677
1454014879
845690085
1987678087
1614019600
1049086765
1901363245
971281974
1558615107
620820218
930810495
1167207038
254263230
1363240263
1609466507
1678251602
1306380378
1788027309
65366892
1306380088
667503699
931925594
313185220
2008260698
237460470
812859769
1258628212
2890683
1907329000
1887147696
1874387192
1667271811
1366837776
1727960771
789631838
1037464699
1229509410
372438869
1345502689
1998028436
1510336201
436999375
1075792934
1792888993
2077757552
203679833
1429052946
811828773
2030312110
786897926
1446929990
2097497671
382948172
1792212748
1617442360
1861289698
1442301427
1183792176
1109275119
496250553
103888759
1378440256
1064043867
1082747079
1681542074
1423310522
1534432590
644848309
1641144382
58503819
1033274907
943493221
480986443
387168497
1407537610
981307051
1120968633
1083657345
186599412
229187356
1949130075
1397515845
1757311297
1950910206
1714112008
1831336701
886042748
242514783
506155847
717064838
363928400
621265985
1120671894
1411646297
1237525666
1025745138
1963075159
1357782058
1174983306
1632427898
228815192
985884080
1109350895
1302706478
1624074493
578385540
834345405
532129378
1864238604
383824675
1130532806
151092028
1202895893
1693340686
388858162
2033270691
1776605052
1319463953
2087973028
2125878357
2036953637
1799016608
1513626604
693081880
594790586
1535895132
89152354
1266833416
576412316
1883141045
1015635173
1084363279
1672732260
48217002
1942410352
576583795
559658260
859521709
1664113749
298355594
962995679
302366626
811196186
765363848
496061585
1073666821
817005805
1029019769
1036797084
754220586
66764484
1263565386
1892727489
1320981664
582068501
1604129793
1922805591
1097220527
1492361263
419070733
1698943803
1303489537
1573355572
1185936312
703105365
426615133
1056287411
941252536
1675310786
1892447374
1641778150
1038509029
1347759011
1412798306
1809840517
768376582
61279873
296719054
81290565
1735994308
1316181084
1003888431
812940528
1026516928
1892937551
1015692971
1229287970
1271617984
115604961
54942646
701481885
489941252
1554572522
2086571441
1911161418
958740407
996335135
1872053676
1578675149
1873482369
377726269
1399768396
1396626627
1170310969
1535806927
1269948872
1820130459
1753412792
275770267
1252701453
1460864270
1093535177
1824413615
1177288450
103802684
558049596
1754725379
622205158
1852399716
555759898
1531359179
2088139988
129986624
637149938
459558492
172032872
1228088059
2030011218
424497848
2136217980
1068875984
1575765585
1088184760
1695240204
455941440
1384480585
2030439637
137873464
958095343
192268707
709015442
1108090215
2026127644
1224058059
737225098
1736544135
1041191868
1001413954
1540093713
722882419
1854314289
395130065
1103399562
1738600302
944384684
529374171
951662661
1400052172
1631951900
1592552908
1713923858
2034618288
453045457
1832338094
1188656999
1653314032
78579122
1012533210
1964290857
2028533269
456979735
296104395
823013402
1222265214
1237381188
1759639822
1245458144
1041564835
694006403
662778965
655368366
1293807735
236876765
1970307499
1888624017
1761148903
1612271988
1500811459
1666266457
1709571968
283746688
1546289257
194487586
183328045
1928416484
190013722
2121833342
2108844573
1097328748
107220655
2092815680
1387567299
263186342
1584640819
1251343592
1845450999
1599464282
297166038
1674139302
1432376378
606309799
1658220795
919134989
1337322519
477072827
232130156
700760661
1625554084
183311662
130814125
918110797
899351848
2052186364
535443054
1252958427
2105407703
1205213213
602344729
1474178353
2138380728
2138757571
1866904460
179310990
1598054311
902020399
892151265
288337838
851578231
298640689
2055781480
810097104
153237039
1442580794
1201170358
1887490658
670438517
1285207583
1933073366
1031773258
1193424393
1376886892
1092156574
324978131
1633459560
65045091
19856669
1992161330
1831082896
929800080
661177393
1475491253
181683171
1441769482
1445218357
1320046727
1951497253
2097042760
1294054359
1694483490
1874774688
812759709
1155679751
184515409
552019047
23716689
816316171
247770337
647896503
88602718
516017327
648059108
1316486777
1632880580
949553050
957124769
1207393508
392963977
1831875517
446714651
1489928255
1265651281
1586501092
628975676
1077210564
1201134485
874467439
1333576862
1404412320
1364257155
1110563098
532062198
710972951
471278194
1163966967
89196574
1678924485
564950016
193965950
796940990
598646271
1724619211
1275942331
32337814
282503768
443963848
1964226213
1676139882
770898495
1745153091
440019855
1216832393
1249321926
918137203
1246143415
1757815292
20545149
477345465
1784381948
122546760
866911613
97324405
568353709
1791857376
450500481
136041861
819413629
1137694507
1718015790
387231068
380928914
1423699501
1786908019
1204492730
1231529404
532718036
67473419
388429581
1143693507
736973026
868961823
2117690980
1057957849
1414063473
1475101961
1086935052
1343824174
1034775080
354074420
1368864201
612287651
984582137
802053919
1037676211
1424192406
2017711763
580819072
569345706
1844411356
1707641195
1292917125
567942007
201791436
412656483
644204085
1751265664
2089819512
1882618644
1993017334
1232280103
707669751
1726871997
1554600743
1255908801
248012254
942382791
1008297197
534903598
1932022733
2018243060
1837161228
1603211034
263336485
1240968740
1652156395
350753999
624261847
1574670020
1935344826
1595400884
1263170648
927943123
1277977519
1802495078
2016713392
1374544018
263390315
466080881
1543098290
165286088
1452633212
2059212714
241638470
1292652719
1704732155
4600877
959902946
1681153918
1221609046
27033071
1503269655
2081363092
1272733480
390443775
639833672
1026668350
1723358020
1151918430
547765621
1389807909
644803025
833982583
1512156213
1842138455
483604879
1582942268
2119683266
1843803632
426239544
678637535
478970158
181551717
2107906561
1764826666
1676604852
532232300
760350015
1914770812
801441322
938672523
1897000487
33342817
1586120850
1700124476
121584302
1432898508
1325657807
1250641850
44627599
163647475
401330548
271875436
82147179
1669935304
761796024
789271274
731963658
209789199
1210712198
977034672
1598057407
515943200
1407559857
344897886
1236299498
1136277051
251484741
321977769
1817268632
1000785795
1859558648
1724868834
735552325
1359403161
1887170496
1166928161
850771649
1280032214
319646590
390155790
979990831
117372452
2050203351
325946699
1072594730
1467506298
1030427940
583246721
1069425155
1678369522
1655970431
1656241158
340752166
1712777096
1327066878
569698600
991349659
1148666481
1186577148
980965145
2108788136
1818837525
195737234
114721654
1868295827
1188288683
2085230117
835756918
1679793796
609331056
629108249
1930232492
192881801
1729053572
1295212452
61981816
1507292340
1905438305
804487357
1319768592
1516865119
1923587064
1199542579
1628167974
840420496
1082900586
1576251097
2014121783
1551864439
699400032
864836319
903439728
2018795028
2073491207
1186742844
168249660
82025205
640090283
613997383
1677724014
1535700765
852320495
27396709
1309730824
281000961
2092040615
28975069
2040846502
2139385260
1704374098
1155965128
2096855946
251681282
2003989559
1380412708
523272005
673518113
84495130
1387853063
1898918654
856172515
1296696219
166678256
1675670370
1486784896
1103090220
1654858041
1646246952
1963373905
1300407725
96891048
778291263
1258497967
124320934
1556514341
692439703
1320846586
560960544
1690385799
1771792777
308879797
737602080
661073799
1837778660
327658191
54275521
1663650006
205749909
1277480956
1341314797
1986494538
1655711218
1995174466
448643000
1639939635
1423586723
2058418320
958019929
2138384076
250210349
1283034248
381499077
1180441038
29767453
2130583902
269108969
751327518
1097318605
1755399896
315472004
1828546726
1884815574
587328117
1566499232
1668700480
290153746
1236617386
1734681771
1834373327
1675848012
1249865799
1783229750
829964648
1561232263
1420646905
596344393
168665518
1087261415
622966248
1145572448
984029244
1460200256
2035659136
622214407
872361018
1175541562
656480078
322422285
51260691
878914334
2108771072
235177576
619684669
1112019519
466404239
884478629
1075100727
274944263
7914872
858869514
843334545
1745679773
1467039525
659771722
689953573
111128880
1992214891
305161187
426722403
1073658851
1681190445
1000056088
1399696586
1799736661
14874397
1640717190
753012595
1164694475
2141431458
1090370150
2081086919
1631695869
1864129750
1781755742
1903575377
2101410682
1556236966
2007954435
1038313646
1521684408
772044061
2141011184
1767797153
1299710908
1621322426
2025586812
286237251
1354554978
397126909
1000042266
2060436312
98810698
1972760577
14473042
329158076
878497887
1306554947
1731022680
364199164
1775632901
455528064
441654854
54425857
1117212638
1316080061
1897283323
1960700134
482149434
122601312
95942287
2051334379
48574489
1649831292
1236473970
339131779
443850205
2135229226
2034119200
1907793288
1198523537
1556181778
253917315
918637967
1588127184
76557321
1502474469
1024546389
189407315
1464695252
439676815
471351384
222748955
219017227
1862182403
733429378
57621815
881287449
909777619
1316131328
1352162866
986383200
1301579037
922622258
603638557
843155065
459253155
1060543419
944240693
1789131417
767973259
587367863
1000400688
960007183
620180144
961405964
791298601
1992832234
1336981922
998282201
471268133
1605543607
848833857
92976908
474552897
878169703
838582257
1561501712
247006330
1088582735
749896314
1989183139
1984832793
24484426
1767375999
1180137413
291013561
1526094329
1120354969
1859130060
1997107446
