641046533
607315545
1489506089
1708013058
1816009372
858108506
918220826
1704423377
1485734535
1047149815
481198238
1513637976
1784143165
2048771479
1465946771
2050198142
374252470
1163023485
695553818
1764161408
397785271
755255521
933761959
399479705
1204537643
1083993773
925617720
1878905676
564859053
647722449
1524607650
189993809
1114219555
1992246595
137888518
126772506
147358852
155206550
495494499
1833261568
253877177
139218742
2145165381
113645327
833283489
1531363390
131655836
1462410091
1755588399
774925814
1986677415
167363421
1910158766
814764524
676608015
1219572222
2030530597
904200877
1245521168
1172040574
121973974
129032224
648955602
1200359953
86310112
1379298176
264742102
1640667000
1358415876
379053300
877039500
1668756776
2111218308
652536013
1779150337
2109857048
1810325287
1817339483
2024731829
444835116
1567686490
419752556
194442
1692405561
111919985
186308450
365832409
543625140
1240644875
1705231600
848803743
1040749820
1396237714
1871438193
1615781589
1177352513
713153249
1272303333
703502301
1355966735
1975419905
1600853384
1848427032
776333435
955252748
921888273
132313492
764362984
737632563
1411417476
642791139
462537079
371119579
1231445172
146166279
869817353
676397537
1653622105
155837065
10635505
171796991
1880575690
437536425
330169147
1081406278
598398039
2086599599
2131939220
1610062027
1108238149
1940615520
2044100564
383555935
1453944422
1966563980
1165100335
869302134
1604181333
62710980
550122227
1396213032
1066091852
2107539754
752546814
520156758
1206997410
220383328
2081993920
1301566181
570991075
602403746
502932457
1465062182
864646029
594494704
617943983
1145049174
718335333
229177444
534504893
865317696
1841923701
1155840162
305499067
1286089473
512271010
127379564
25216630
2119372260
1734024941
690500437
36957613
728032875
1067198278
377550733
1372924535
516771439
1322078216
1991195355
1117498964
535452255
161254678
979795114
1346965710
1643394724
1685340304
1879693114
1267899851
1952577829
578501425
1173684727
719650418
330483942
2049845319
1296688871
1363756728
1247190475
932806480
1638194492
1029247366
581171835
525514030
1558756105
455079305
687612512
1715537671
183832593
388185237
915762634
1555159228
850131900
187525046
1107000883
1287274756
491925539
1435085269
1951347869
472317220
439014474
1370759940
902589464
1926604365
861542253
1489389158
523868768
1659216530
901015411
1286829246
1489344674
1583147908
1951227007
174093714
1671034463
1698980972
695765926
207689979
372004969
1635850788
715100859
1297214476
1379894795
778790546
1844694853
1643678173
246212166
2130350530
1303859858
1194570547
2023313205
501951135
1673512165
1055717069
1942235538
556790094
2047805898
2085639246
105777745
1491127592
101226378
2133517250
1774453866
1465444433
671585211
924330958
462361780
2079107833
537454319
28733561
1715153389
1429336111
1256036748
1712645265
696216278
1591766621
890039228
798181307
279542907
259386724
1582479994
35199771
1076341393
313099349
1503519693
1099118236
529134583
15907016
1253800978
688466140
999300447
1839004125
261539441
969436087
64687110
1772982477
1816330866
1748637551
2075773599
2045362476
1308836008
532176501
1903082062
858550973
1934987403
872659926
827298255
1838571249
952760676
395075141
1919610039
312040446
1094897761
1086519745
1258835155
2064580504
725818824
1904003554
948146093
51671887
1430840136
1546202822
903019052
1156117637
469513580
1070853778
1184308315
1210718730
1398356521
72730023
1812328258
253794646
118111894
1816498019
1500950256
1375855970
654849467
1289154961
1038750363
1807130915
2003505793
561517678
650290398
444301220
1111002825
676237657
1343954464
405916607
1998000537
776757782
484754197
1678668151
2016642674
1746418366
39184734
220857077
545527741
1292982343
1196483660
685888286
2063523427
837643692
1265482690
1621221325
1132116092
1903163833
1448423224
36758962
165779743
1311043445
356624092
261330886
171885400
1820146475
165860563
1571918954
1831371319
130698775
1168828572
179720731
1261178885
1459518122
1658345110
2018631124
1817935506
1651149690
1736267160
2116084993
906531498
1183686346
108418238
1262560539
20227238
672329905
1355991876
990837476
1399633950
1525276137
734520458
1641704257
583670972
1151273270
838511159
1856872367
1472399916
761408880
988245626
1822716003
561760559
169002543
713447532
1752446466
444603343
484858131
2049512593
1463598330
760592045
1415432621
1477167998
506385531
357809526
1441513998
1028890772
748851990
1169708148
293919210
1280776938
1535052528
640973120
1307756135
120650313
787924898
2050454678
1976466568
1994660432
506990513
1782994753
924438577
1843340728
895845285
297866293
439335382
1335425970
144397512
1723722171
818613444
1449838957
613346685
1581050822
1842743308
1994062259
236619066
1476436325
791792647
1146895539
727956003
938854226
1112235659
154536409
249817668
1717791143
1002735529
100670937
1477092971
1430103728
1280405791
317757132
2048800928
721980635
1305514593
1985245297
369350722
1876796876
976294719
1644446356
1180222912
1585307789
177499955
1638089611
945760240
1795337443
2061157193
1796518109
458564879
1037842876
1091948715
1374937086
1484411222
1903683780
2144689608
270358838
1743727925
709437718
1853898785
614170271
190582063
1293945615
647493808
1437557069
1384670545
1104936767
75066612
1247184520
1029771856
96359033
210495133
1975025460
2046548542
805771530
192422865
2004046674
1703935721
641751814
1536418329
1156309919
1488935888
918975421
264957420
1370981210
931736003
1557771853
462774485
168176675
1266098710
2029291857
278616131
1439223295
78076801
56773560
1210126061
876961144
1071700631
1497789616
1692066528
1040343521
445018081
2055766208
1341616678
1351476664
1754996119
1351638517
983996437
683658020
516218618
596126004
1053209905
852862621
2112768849
1897082543
2051951551
340156842
762654333
691486579
538876647
59639750
324784443
1672777245
1858896516
43401052
1498696438
844719276
758618508
1055265010
1566103367
119678322
572260631
931905122
444188938
72034597
231349774
903711810
1782142238
2013342738
1551369073
131759973
970395320
238427249
1590884164
1195520123
1290833765
745225171
708058135
394983379
1568302234
1243522488
1354885425
1355797313
132906233
1947823421
880327512
851675163
53145379
1513923570
19884096
1187816285
703435828
431930314
366042766
465967596
1955762143
1177540139
987135111
1922722552
107642919
288535078
605644634
1026246266
298495672
1019284416
19909894
248895965
1049837024
288185967
1844746985
662963385
885058349
1140923553
1001050855
1371330490
1875517859
779456117
1654671667
497737631
1770567066
1253484941
1998730429
1958010463
1340949554
159536123
1200233528
858633318
1162793076
455844952
180898246
1776966652
1199101959
1588646131
1069125443
609810631
1195620748
1082892327
2020132139
924982631
891741846
1280265158
1035537961
395151679
1685191497
86239665
511478077
1458946131
1985049998
1759415177
1095482504
1672085325
689268208
1224107904
1160553143
265563546
318510102
1326087241
1054663946
1198559153
933769437
221266478
906062848
1648302964
67751954
335223616
2134249633
837972143
1601897417
842355880
1754978407
98473917
1975817052
801024796
715703754
1412024393
172812292
185689198
1567549287
1730386482
679143693
917385278
192475084
806036104
1509433785
306192848
36388835
894607028
614017715
1573729528
1609887224
964128692
2095640878
954003506
1912009576
1391413123
1598231962
591779278
1430801128
1637321366
28523523
2053862984
242313583
1621231491
672319494
390206902
2025200577
222971581
1203510896
344585818
1290498713
617665658
1212294772
679705175
361236339
57542325
344745097
2063494785
636978163
1078190415
522430686
54128717
312407541
1341053521
1392569211
1571782887
1544428082
1917804620
1064275957
2142959459
1932683147
1822565601
321776334
1463428107
1218659574
622546269
478839399
1373247190
585856002
957926268
124396962
536156922
229267976
348274767
915051032
549689752
774402544
1722870583
1956054004
1783838102
1814352029
572540689
1734322538
1784320651
1943422454
2119178092
1499108312
1521834195
385434770
1145751541
2065981559
339421377
1055676927
156180468
1906340541
1574784756
602907055
298478575
423377491
1336028098
171457664
792747884
827760302
1985109970
995063527
80744660
864307788
2090528710
2043013048
1180275059
1526411149
1915269397
1497198996
1807598492
880492844
66351606
1372696815
1684680938
1949300824
1471966840
1519714492
1769783969
2095440499
782156975
1674633144
1919376946
204017766
957463048
698032208
2134476765
1830085023
1412547518
247328048
481709425
225133736
44721253
763841641
1396628271
898705253
1367216292
141912894
914242765
770666730
1136815360
578788492
1187572886
2123595510
321476307
848335827
1181414062
2120204561
1527007835
910493413
1858696820
491563837
527882222
1036681257
2003354624
449043035
1676016203
812436364
699787211
161670174
1836924941
1402800134
268640878
345042084
905959993
195299268
1452840579
380222390
2133508598
1717717239
1596895912
1471327133
1087260508
941257017
532543906
330918815
513309540
619173271
1030220445
163721237
191825664
1171339583
1568074641
1940556330
1313743172
1593871559
1429157825
876593458
554399425
1881872408
1267266653
1666918308
1865872371
1833048309
1577823560
1883538870
935363792
1924825132
637901812
1480741780
1445526400
1723537239
1365064296
1136729404
1760915500
837482831
1080149091
326568440
100633583
470738735
1617389723
1845371257
1597133034
415409152
1271270430
1563396237
40505716
1879318790
387817946
45322109
1856465006
395895974
1202796600
1482558470
850404532
976401906
525991650
1756109042
582367663
1849636563
36021925
1034941777
315352839
1763620562
71802226
445209945
1676503414
1589192835
448448639
282351320
2086381240
363643790
636059275
1709050705
1997039262
205552987
772514878
2056186299
537643842
712843865
1086778542
1450371538
916707925
619870700
622551038
1572629271
1530530196
643464945
98986529
19646827
242737241
52647662
510186428
2098028868
1823662158
1502171611
996157226
2074172809
1745422140
905239687
76161945
450644240
646601730
1248128937
1039204433
2066021809
1709250720
1466770820
675897877
1680091911
439427955
777470005
1508514
1468223171
2072029563
1089112732
442186324
859609260
1594280920
416816613
1264616424
58381367
626684500
225555890
183018076
1184895422
2060088601
717315303
347514099
1987799392
1028222851
1811078417
591697237
1805767030
510307856
686062195
613188562
14918317
621988212
172172975
541513159
1419248581
1490395338
1903096846
670816281
361830117
1101300964
1546072940
1776596959
1570726552
344622787
1279936195
2012750620
960008296
115473186
812372562
