1956244392
368638535
517355315
1420055306
110597782
556402546
1172566819
723931219
2042013267
1728370625
820012168
581766744
1847059608
1786499578
706234252
319965387
1846863348
1007786707
1675356014
1805669698
1790946576
1706484740
637118607
216209632
457834509
316134151
1698029994
166358690
1718186506
1347869039
1584518689
476080200
299582145
1744206050
2134819698
173175773
402347601
386993333
926356424
657657829
538158870
555045666
130475950
67786787
398308276
1286606888
1680754910
1067865348
1619364659
2054603776
1016756280
864065451
1024866628
317525815
39381198
463293594
1454470306
528350829
1602066972
1065389818
179343764
1880889256
1660920661
1796826759
107666063
558801750
376037848
349075994
641569016
840977117
2028657858
1884233940
213121030
1581958881
200150941
1024203748
1964108742
951908113
546958901
501605110
2129241656
550788526
112268171
38997305
1997370519
1324914842
1233792483
379584778
926432950
1129779736
775510520
294761538
1565778566
484885286
1472118608
877127449
997361076
54493556
1983471530
576185269
578821999
818803456
1775905683
979332179
360946759
1545920847
818056727
1935680017
370875953
675169865
154845589
195972693
1121254055
1208618162
316628908
667064542
1564424428
525213249
648724049
544003173
1377923693
423295327
104188931
1096723439
1584469827
1037150333
659897621
359111346
1565407445
1307284754
1970469930
430454945
1725373595
151600
718335936
2065270166
1191377149
1029507778
1482770146
1386577179
320364122
833296228
473014017
240704725
31059492
1374580703
531199197
1183491982
642523688
9361472
221344414
987008734
690030059
723376531
1063275775
2097155444
2105730096
207449665
1268973994
842963974
1497696919
2115951107
2057398430
566233811
915531103
1881982850
377301708
27306449
2086220
1531667853
966283202
1624869241
1827291556
1795874294
1358017662
1626848811
1266845779
575938569
511237477
1770270782
526683694
182294698
253736268
2144608936
1853149524
1723142666
1023929266
689125959
1711931313
241538310
1494402065
1280995274
734147484
1368639004
1265977417
338949695
386144416
416864266
98562109
547536953
1854823000
768331269
1516761209
222621085
1442570099
1261070227
433160720
1695747081
935949016
1049538565
490575237
590525410
1230085347
1689504661
531792607
217164793
1232965324
1218198552
178153696
82271706
1421222441
781547359
107679054
1561134256
1057885834
1371031856
547762288
435790040
1087280962
717429468
557737365
720722432
732042053
161667709
1594073805
971545084
598462765
1230035918
35379643
904251941
1712519511
326610087
344918914
2010201454
771633194
1144420115
43215325
1629057285
1540872823
2113547023
1828271947
1764388257
890177020
861751778
1897871463
1911141230
445061123
619891988
1045669974
850705043
1772651560
1886274316
2106770009
45265500
967241015
1969412938
1834160770
2137704713
674574900
2071247933
681631619
505079346
1822820724
569613505
1515003809
1373594069
780135400
1057700665
663325384
1828381182
1190474362
1017506886
672299961
1628842257
1201497999
1416043297
1579184734
197279415
576384685
1718039963
1357261119
1719926115
648561718
1027087790
1182617612
2060889728
565851987
1422973630
1693654362
1803812665
890806252
1928389746
1455884651
805976036
2024092371
1375142186
2025923622
1093550092
161494528
682447388
850040869
367368473
1916073719
298567438
961154285
1578965406
278136134
780915634
925809209
1076089663
666850090
1144774809
1315970671
1649290557
655130194
183407061
884304436
1264311712
1914938043
717856048
733401883
2045512448
101005754
398035458
1948000120
1081442543
1585948440
738940083
708762963
1148027142
1524971095
1061326798
1896601208
1797675659
1367173651
1729248445
1176925100
1175950012
1324916612
1447573031
78242042
1565788091
162211872
610182627
479126827
1049565205
126163805
98869399
284851795
1473804528
1563312788
833003762
1319662984
130483409
1413587201
1108425858
375798702
63270152
1527921127
961809458
960856430
1563973560
1377490640
1727029860
2045975621
1306793095
1817489394
2118060199
2140531384
468759006
1011677358
1219616533
602048933
1355668701
638546482
264886092
986434741
816092639
2113685053
1200055559
59050990
144401317
948014082
170073688
931821669
26365729
1385494822
1388176772
1848953361
231117281
1154506980
1242797690
86030522
782401814
1666958160
867226098
1015534095
1266474817
1702481593
593240095
967794391
47406713
1421333799
2062304528
2045454656
272547163
1536186371
608780456
830281300
1721469070
501181398
2138248248
1878500489
1984506609
486168106
1086392246
920158583
194090596
1370482572
163432605
1341229220
1944481584
1846358963
1655725152
1795792251
1715815444
798648763
27754636
973337180
1784872173
1123921546
1432138361
2012442317
1540835840
1739455316
1209907372
1659438797
1157856743
1539187257
1287595980
86439241
1300028439
1961376523
1258814783
500165544
670631434
1728305710
1773013345
575170689
1690030349
1293259672
1534886753
426870636
1374711464
2001497081
255443127
1405598710
801927589
1705638388
1542892101
744819118
695851455
920394122
625092874
772631388
1043197929
823866264
2112119933
501562193
2049269047
231619447
2145995916
1851559642
35292781
1080403137
2071955760
1834456782
600954403
1467003699
321423789
1204500295
1143488401
545564334
76025187
872818797
1900733437
1380148568
1567432788
634524270
1929602238
1539794399
1913922867
1503475338
1911753707
672447454
197207845
1964267338
164599205
990595160
1196117271
1964880336
215417854
1104425056
1168500923
371259978
744261509
2063915995
176241440
1494576512
304555632
349429342
1315219692
1963862413
1895525476
635456561
465942585
1930305451
1387531491
894573941
1027265034
1542459687
476185170
564289889
1537106281
1396975987
1001083814
1011098536
1969654302
1967908698
1420315307
1205011959
910119181
1658201934
527533297
1954197402
1119399981
382222557
84797779
52057406
2100801569
62802242
857091109
1297726161
250691956
1400614168
1423191033
2073637254
1663512438
252080938
1518276878
1065104372
130754221
5937765
806992214
1256612446
1790011642
1657283823
604478243
566018317
1161587018
1147503184
1917118573
79248090
730081525
1923689166
1324440770
1664911816
185585846
22568408
1177141194
426428365
1977982792
312874392
1721943670
958466482
547153817
1488740779
1220058309
865502736
383744173
2098952941
1599144498
216132218
1828940050
1281163885
1738703550
843292857
1287380987
1646198144
928118421
1512039986
233772540
2017542385
1442845280
1159706468
1562994529
525933910
1794339366
824029582
2055795243
661274238
1168648415
2020879469
872077736
347131910
122977943
1024716323
1943726510
196614410
1552099132
715062067
2065167220
1664737529
1532877828
2075731113
126541324
745934722
432529789
1962415703
970196097
1089935787
748069938
1165412153
1097997193
774827520
263140855
103566842
998209767
1830892008
1882330578
1541684112
1412839008
1770701331
2060143750
1144438274
1118390871
902006799
1465092029
1849748810
11030535
1578555130
1489993169
1212269653
1747278173
1755291986
2458679
1640392742
1464845424
1761147368
758506120
1725464347
1921822366
1986556403
1409354798
768309832
388316996
1185875521
584026791
2062668543
1955374105
8809864
92406393
1104240242
1747138856
1243331035
770464946
310245743
368703080
2125815608
1074118427
900984393
2146491641
1514262846
996646137
1732220631
356302333
585959932
1823525503
1918229654
1653363985
858680292
1434852563
1054431466
1279938663
522555614
2008596667
323090306
1752793218
364099705
2016612836
1629035736
1442974092
1906878268
995056847
2010804952
2140803159
78965019
315135321
1269407128
1449262318
1640007941
606841829
1422867014
997461207
1709469594
1848691495
645114400
1638436585
1605745402
1179543696
347360155
1028375236
1458930105
1523364177
1008198567
202896880
137138926
1866366478
2024872202
1142298773
1197598059
707630881
1577714665
1303421908
471042054
1301984136
811725670
1340623810
1778713878
223231084
603368290
450336511
1400064762
75333455
170163299
875173366
1491946451
2023266513
1648146321
1551733683
177317457
1943011870
1797791963
930036315
1357171115
732252919
56828215
1341932877
1710761640
625551964
1891343110
2004712148
961683419
1799466964
613704341
1216235397
722438892
678821720
1919974592
866383164
1077064976
1625924066
1833461169
1365710765
807468186
919082125
382583238
1596516521
688861611
1803673705
375782033
1255140848
1873678341
994518237
1248487928
1899160237
149636094
2042633913
1967445373
1187937938
2016447632
1344460248
728308632
1328698512
139570317
1196276590
588846401
802857779
577961199
1862378228
1634585994
1785761945
1740477006
173154221
24203624
373812237
768804714
1871311059
1682340242
956903236
1774329576
1202832995
1754280065
1818761523
450792986
37898370
1637865112
372432011
1903256311
552528778
1015711326
1988852691
1507628842
478526134
1144986342
1297911072
312705606
2134434662
2050161232
1169440626
603127062
1156147982
1431946856
524557230
81733650
64428481
83637611
963746612
448390894
1578124118
180647146
1875594780
1623475021
515684660
454727880
1056434962
321783956
1888079552
1389475933
2129674955
1257900761
414317151
1431206845
1361752355
1041410809
184106282
282721043
384714197
784419272
1059068718
2078274086
518880982
821328996
442601052
59075070
1965821518
1835791267
875363860
1114970784
850445876
673065130
454288712
2014373620
1664902021
1864040607
779317584
680260808
2144310048
854571382
895288139
2078737133
2027301441
1279496680
809836076
1283506047
1475554456
1495907970
1068428136
805699651
1464392197
1453088218
1862475834
1932123944
2085723635
685587932
983805329
2009849072
1519540814
456418370
1203389592
1580354536
1144793122
30501922
701913567
1994482899
1004226513
244574881
919597355
1199278053
739416817
1548758213
791616471
807226347
1958650304
1860747369
1428992996
2012224904
223385156
912939593
81755557
425218201
1516363523
123652925
1576106496
1951376826
1107931996
1139070595
1558958945
508257762
1661102977
1659231029
878997313
580736553
197760530
1914659545
1270795854
1454433707
1480428886
600164119
1247970616
385488772
1064101400
1248215173
904149016
570542842
1542959644
545378462
608346748
1725113274
1965568061
977246418
1067963923
1833432123
493364260
363614391
129464818
1970154559
1301393319
1248177501
2012574848
496921976
1735272379
795585471
668797445
620496967
1109589783
1379848276
1719081417
1947779743
1358200936
1687260613
1497285612
863693577
1900524074
1053041850
1200513474
1038768576
1271422506
407203534
88300264
1255219708
1672337045
283649697
392560872
1170658636
367571643
912482059
889928580
1873369884
1781357926
1219361645
402157475
1100250710
754118353
30415652
544123605
45708069
1765502023
121801239
1015594373
