1638512341
1391601498
321087600
912821690
1950141399
813602492
1267227495
1470794889
888042464
2004198077
287947066
282777627
428550704
1522073441
1235698233
261502039
1197129712
1869860381
2078152957
909747244
1221926068
601710894
2136001465
1998982524
912999713
1377737367
1973248168
1883894184
1999563176
683933877
1267365798
947512500
1900339056
275661440
1299428059
1472269591
288556370
496272736
2045687954
14521890
2019571454
1892120233
679821352
20029194
648351803
899267253
1584774175
1412419732
850813515
2143417245
129192786
2018730844
1168006508
953432467
1341586243
413532353
1418170491
1119125215
163489168
1800570992
166527156
423688564
78942852
174744716
1576319892
139152431
826800842
276018807
1903060191
1130940843
224485949
1496401472
1707434685
386779843
556795354
1828306601
1984850432
1668133541
1748170455
2021810131
919751809
827906703
821531853
886698632
1144261544
1768636202
1722824976
638805541
1018056969
1911712127
1843463455
2137793314
361008939
1033809306
1712186935
1479588928
1447439461
1677424826
347340802
98781262
1644575202
1315703089
587845741
684805783
1666209987
1822788062
1260682903
217829355
139169635
1878338373
1062594277
1754437192
1132851382
615543880
1593710130
2079102246
2138052554
1721214084
1606682148
1333380188
79534448
458596939
341085338
2001174450
1724886516
1799786041
528715841
1073157380
656504071
736474741
320517190
521587471
1971410366
39142278
1843514661
1128811227
752426163
318609615
1335922848
1277425093
1535023689
451412649
1226707660
1291276840
480289550
1205333019
1486471749
1492474023
444625977
517961272
704820610
1842482202
887463506
1239411478
1215118147
665806355
884652017
1622419046
1494466599
1834500620
1193491102
306884021
783235930
782668078
1270811608
777441854
1329886315
1128054976
290870321
756799081
566662203
1645141291
1777362582
1036693732
826577681
557226918
1837275565
614115165
1205745099
1372984450
890246487
701405913
1704356911
671062036
1432467028
1708949428
157549152
1196795962
814565894
1250564917
985577324
16564364
41256014
346669261
1182132994
388577057
39858579
1607690477
201274433
1756241915
1624655585
1755454337
1404982187
941014288
1566151213
1078151180
1345131064
1017292021
490073271
623199585
845201287
9792041
1206907272
300667643
2136219951
1515007228
1286691355
153425402
1773651252
824189466
1857241880
1999055803
1089980822
179812280
120109883
866520082
549800707
706782042
229645908
328406310
1575144620
1504821822
1257758311
1834171114
274074420
1491097193
1009482995
1525576756
2107034821
230083147
587699792
254451579
637100093
126600465
171966769
1026406706
1217174918
6945160
1313940553
1508302267
856578308
1358281129
1745208331
2025533706
496393255
1445198021
302819977
23815639
1246172448
23529038
973974398
628637311
567562160
95415103
1843635815
1930953080
2032363803
711455785
1327057099
1756658543
265130300
1207210459
463499932
1971898624
1510197938
537942702
521682614
871350801
1264417848
1642501738
435409284
736592075
244679955
2064342745
1402220482
1977359926
1699145380
1237384934
2080997212
1184063089
158938397
320592496
366228598
1052026506
1650336080
1797310641
1438960773
1048851968
690261411
848194373
2132859290
111033810
1197129760
1145088986
1587429311
1617825603
86008745
61221491
1269933690
107428909
461515336
1093797464
1262174318
675947263
1910768293
1840319390
418196257
1754988629
1232859793
412086095
1744357593
2106212403
648988862
1074848821
63215263
41838813
2126575505
2143908424
750919781
1138465109
467733264
640031409
1813239107
1110062450
1731611638
1405088378
1420598749
1811806617
661996006
1873346005
1980708577
278417435
1671751356
1293334022
2045866413
1003774507
274365694
1033815021
451386637
202964602
517938033
103848244
1358854178
1685327729
1217470408
481767953
904802654
960822026
780458615
2071521720
1534530475
815195723
957015463
41937761
2074125227
371291745
964147522
1161062897
1310592795
494291285
158281261
58353735
740749393
1556807789
1865400982
347569190
1791068132
196302370
285512035
1824626106
451653226
949770680
1883377353
2105439689
962715740
1704036992
622902270
881597559
1360520726
979774630
562701318
1162156725
1508686331
459854263
1151308714
1903710280
551251638
1978445492
1082597000
1557807218
436533147
785643979
788702019
959366975
1938478379
1686120888
1889378522
1041013101
275826614
817926328
1224331030
1804114168
1958464027
1847946533
1578077213
967682114
971421355
371534259
1194742053
134628828
2024347692
1415784261
2090500162
1128782580
1897056505
448989805
1938357599
939804251
474423879
661202559
1422795851
2126827057
499948930
284704848
2137837035
951730734
563210709
1877377680
1145779854
1054914704
496474057
2034703809
977188702
1152511901
1925029125
1300475347
171730161
1105722836
832967220
198713182
679724287
84056756
51555588
1939172987
1920593198
1289480744
750295114
31144256
1690205450
1866355853
1952345154
725467094
1860764944
1270584674
760359156
1682803767
1635028201
1167968907
2080453811
1406114697
1875380916
1481502274
1725595840
1900577554
388349308
865584538
2059605515
1072343768
1354267849
2003430833
1449618457
1218402262
1612001106
967922034
381160449
1197727708
964147920
2136601092
1040589200
70254852
1055252205
1207143379
1721547916
1940911820
1582796123
1888961081
1669178390
669812437
204173570
118758344
1647623720
1311039287
497514065
347781430
1436757310
1900134527
170935990
1694322918
1397974546
218565958
207604008
1981782287
1702469503
2099280239
626121185
33745547
1868045959
636990204
494897962
894797374
242548848
2140012173
846487886
414222113
285689097
704176503
749607856
1746840298
995818250
1598100349
1278131449
1790884698
1053331609
1088197166
1439802473
139919907
727280105
1936740314
40872527
576442739
1098121213
529766450
678121876
130140961
889973131
1637278843
1736261745
1872048243
200691707
1852930415
1856655936
1616520329
1128886926
747948208
542094448
1984850794
339081628
1109012458
1833345171
1868812202
699595765
1848594308
2103993746
1641216180
29472873
191812354
844403200
337189818
1427907940
1872176378
1147548043
665817398
1056020657
946743472
1046622095
1769142555
1711728991
1698214737
968364228
740308893
88313281
698228424
206525976
86520986
1904957327
1975251009
619641496
385869731
1843171369
489892920
963747463
1822481067
1998870268
1807258173
2035290513
952560972
1664566269
1120574022
1354042905
1799013040
268070995
2101587376
2137528239
1673847842
153691921
1345107412
9080477
601637425
1986371617
1947974210
1400973984
375611006
1283934012
690743453
1284845236
443680803
1115631893
886571027
1207683080
1071527104
1272152213
2052438646
421997073
143990819
448568897
723545340
967580091
1233026195
779830201
130726544
1069529530
456531386
497843546
2089996754
662473214
1661282348
1213260802
1731350706
819637316
902459288
1947103475
328894372
1706467273
1502760330
319319504
1700755072
8570393
169401050
1218388677
387939578
275981062
2096502197
396428484
1977309369
406317493
979508805
1427195370
999402261
1876068563
1207456768
1438894592
1009442930
702154725
1447214474
1238147356
91616052
1405003708
616809800
255937128
71574622
1684658182
1363866754
271327482
356082634
68596737
1061287732
435582179
1497940487
1418745931
350868082
1158935108
1739580874
1028031446
1674893173
2055346329
1463426835
1207834103
99122502
1272488985
507728350
1349131165
1769663237
240380726
1442615937
2077441438
1079155926
2140164671
1568140712
1631486509
453717353
1941837606
564033003
1398895464
1799941669
1392957275
537612553
1665195278
2077595633
718426582
494411460
1303933774
1490747038
497944372
9614168
1652348090
546656500
435386873
1834598297
1838053723
749014872
1711468788
1931321512
1403732189
641827607
891600320
295448913
1211462123
2123309137
805382502
872552197
442637462
350870660
2134853920
1216980079
1970139630
1571431348
811408697
1352076212
725009075
896251445
2018999312
20134476
587790117
969431317
1130261307
574773368
718500344
225239848
1287301319
963151455
476672100
286118064
676546206
1541345481
706812248
1437149097
1007573506
1109784439
655789518
1230378671
1219879221
1696677660
583429178
1396660365
943333691
460269820
716167452
1542194787
1010621879
792463904
509427381
88810099
669314290
1646926899
867440086
1823524232
1227868667
1907311101
2111777235
347633923
141485800
674257273
2108418455
208594819
1383637306
1438733716
636123089
1692249648
1601231455
7010693
1382632524
1085716645
2064340560
46837699
1738561629
134820215
65675867
242128552
825016437
2051060070
1079797243
1024949408
1425890518
869267232
1130766307
44836365
1503744867
1702039980
1807708442
1556403899
1252867216
495552377
1199716415
434878715
62940536
2001183748
2091310830
1235115102
1484448013
1745270304
1683839803
2019960336
1053702761
1131325669
333285211
1688284366
1419622980
3146039
546967907
242391685
650137983
120318450
1911776552
1466518921
1296390876
1859688623
1404834372
509416302
1484686801
1728771382
1228296250
627996551
920935537
1119030656
667574961
2023407352
1250948746
606568551
1974452189
311774330
618367950
1173661932
524221179
355550635
1894037289
140964901
599823610
2117727248
222715185
936668097
2020406583
1455815592
1468876732
2006982457
135523425
830021933
264874123
984790421
1671840636
2104097258
693163299
1984827864
163707137
1394376500
1919266236
341218314
25816610
483925894
1681080659
218833120
563865130
992970557
107765978
1045281289
50584067
1266285292
1327231888
984682775
934920657
1004649821
1792867947
421273352
212276924
891853605
418279600
630942321
1921216204
620451299
679864229
1569211974
724284653
1178487061
1652931423
1864954696
948805393
1254703766
1869465269
603008523
922297460
1093544120
1378057301
1933136803
415487483
822454266
1277491956
171632363
2026248886
1115079270
805565089
1476649073
1652060805
635550346
2126531891
629068545
964100310
2086958096
1894231009
558141133
1897120140
418776060
878570480
88902966
595847675
1303956098
2089026695
2086407993
221976592
1300107394
1060482974
451442809
2085556622
1139524257
1793814549
832573669
1198060915
786727941
139831009
1469380357
1073013113
459010732
1696500065
297315558
1443835320
172267370
1498147535
1234389408
306085992
1700961149
1243015889
1418197377
1266424773
1059454414
1126087471
1747523288
1132455947
635478471
851234464
834192735
1708907425
492319179
1393812157
462920262
1481278290
2004447062
1817736983
28408536
1305382070
494021299
1961386852
1586592716
385701039
391167060
36724436
1883777835
1311546383
1830517201
1429826178
459034328
375104599
515915904
1948594437
959758785
1773278874
1742983085
1308593447
527088033
611530369
723143798
1094486445
148791151
