1155981648
1443760865
1396956976
935198791
42588990
167877793
1150544747
34532981
2080107206
669006215
1912510053
1539295820
1769620103
1796876680
1870180567
450849368
2084859573
470720658
1605991848
1376721398
2147264537
310043234
1891291585
1631506875
53679407
480348674
1109532413
1666468997
900250477
1801752291
216136764
986325788
664863395
1583104402
2005589142
985446532
1625607293
2132744730
1580910509
791503073
101204518
605147639
1527186716
1260440839
1597282823
651486130
20434188
1682203806
1464416173
677128734
702361573
1251399918
1086040009
781121837
1548060448
1238030925
1163139664
547007087
869327163
1449097762
249306307
92747561
597818054
408445845
53442185
1673337358
1323595419
1102623957
1912285560
161829533
1525229355
570811141
66369650
721421334
441735922
1992602308
311686700
26987034
992427532
28897111
645643786
576683230
1940685538
693185142
232921382
1924775691
224502780
2024959664
1234071920
304434998
469315835
1743548027
915182831
757511927
916961438
1084053980
2124245798
1385664936
1781793281
1481974959
500850321
719144124
1675388647
1123723156
1997446222
1986831289
187580716
552707446
169438169
861510099
2022276445
90660793
1381957872
675910439
911836259
698090239
184633749
529596304
489541210
752473751
561011250
456124714
1777307775
2058336388
1291467222
392640609
110565448
1083379749
1165750430
627040180
807044494
300286341
542235183
863422732
1358476774
1344359233
1195597407
684981939
568218381
153999634
1636192755
329329139
244323969
1316009207
1563976067
1276846412
1403286572
1682743552
200345722
880533584
1925709371
1451705272
359970362
972415775
308999182
1186230576
1077535580
458194811
1340837448
623426212
2054879509
633107847
1471658501
865930957
1813777588
1375572513
1855591723
1564464322
265916743
775019736
496049626
1326222220
153436509
566389644
458008317
730437701
770220775
1745458593
1121764354
1595706603
339257144
90693855
526286246
278909382
301730092
1560584682
2074460649
157891444
1874733924
1763568217
942219553
2132785038
1786927279
606797428
1475021355
2033637881
1451714692
2144218255
2145736636
373929163
1017768363
1665564669
1052188885
1065026775
1569920252
996108723
555867733
269966551
994372160
157554811
1382160296
1452710197
1056438580
1325259473
381741213
2086962806
80050347
1707115614
234803798
1076708419
1214279123
270364942
663578968
426282774
1078642064
1713725392
185897667
875018877
1268736516
210435818
1033446043
73188878
936918576
1130079222
1105579332
1284347624
1476913588
1098991996
783580685
466419681
1475329714
838372397
1034241251
42197585
1330664401
156697018
74525990
1068454266
1793576029
1365893967
689598360
761086610
417974412
318416304
1329631601
570422127
2021054428
180795630
1196827281
88658383
1255501719
135350725
291433677
356404544
1745651576
1552514709
1597539946
1875680690
387980904
1814907387
1398561192
885532823
1588726113
804818188
1470714741
349753012
692948596
959570734
2100595523
1706036360
1330277861
1218580882
1032017395
1742763861
1595677556
1251521617
470177264
88850639
1445726647
636511010
726940249
1896156000
1814694306
1257121718
1302069078
626522390
1059840041
1249623984
238133644
922844970
2446332
209306692
538269355
1949181998
2136216945
1281257835
168066340
857870034
1934557824
2141677248
1294243064
1646885714
2040424679
1433426939
1254863788
892710272
1295714414
1466327815
1433339225
1006108009
405518149
1374613953
1601637599
235281575
768977545
1565756751
566392122
1278534211
428967141
2008453403
1310418413
998484804
953642325
2099456875
1961913498
625539545
1811320838
265439647
1751199155
712088862
535858010
677367302
574631499
1999522702
232221447
2143750492
36579590
1845508614
1209332575
1630736868
696811567
1263786354
778837674
2006921758
195788520
241272086
1248972463
2089634086
186792828
729713531
768070738
1700501161
854133969
1141218292
968200023
27331716
1527031033
388252363
652970052
1578033147
410976999
499891725
544441957
1984410770
1400671550
1029575919
1545913321
277371531
1303300165
756349916
495714858
1703131901
1695496439
942583580
808542218
219360142
1101276983
1665502754
1470231673
2130052045
37359905
7987570
1287737106
963571246
1989656956
1356977453
952574181
1404767907
719330123
11162170
823095120
667334867
1320406147
1863581715
2141704966
1858408441
72759766
245520681
560620849
990612060
2075923886
151477237
866065588
1416098406
404698165
741671581
1386642825
179773284
463097489
992365375
1832688714
1449934809
612927277
939801308
848402379
1402744703
1326424371
1390929124
753191652
530445019
1064893718
927015258
1487018060
1929974396
518818891
578436003
626315936
1668034512
1692536343
325813233
2017059460
1830931874
1330644867
406211911
1878191328
1003415092
1734674541
231572008
536238924
1458997492
1334767545
443193824
351553670
1900501471
450691236
1158699118
665219872
679177327
1216658232
1286169356
696350775
779129922
1973324252
2011648861
1755297885
2049369417
1647212035
2087162674
35809432
2050276777
1314797061
846064377
978022788
94065457
881919498
2136558787
400219795
1096572536
1238294050
1249248752
786743157
1751195027
1997256563
1318658426
1115717011
969705585
2083041930
2040751322
847300532
592851155
1683493074
507965850
1391678914
2137581546
938087202
47265145
2023351975
555213710
1889005424
434860852
1677851218
1949220121
2084777891
585027063
309782998
827081694
1509092231
1250779488
1759649713
717077833
1925017562
329289772
451367465
1582288021
1264845955
2080723840
340181458
1948507172
1825547234
575796438
435002925
1315734142
1014535490
1002257538
725406315
258014440
1462762603
1233501920
487627855
23034272
1877053525
1135120924
857173809
1924631476
567593718
1630623390
2133640478
781304444
1842873404
1356995600
701800477
880737978
682953239
1309691149
2092866957
1342816076
376825773
100428647
478387626
986529675
981052849
607979285
2009014574
28959044
1799630286
229767608
2002099987
250346577
1869658941
1870368968
944452727
1282526675
1985946230
994177119
1461858457
2066669837
473115138
1179883682
91168512
928443360
1085410927
1650890696
1950880187
2002761951
1217301341
1941344968
596577731
308893966
401286070
292712099
1928567676
1502967612
878934779
1569653835
470130010
1480214266
2011738553
1019275567
2096344737
1189816631
424269594
1563817572
733047877
1150861433
1115726231
1128781937
90581487
2032914106
15450315
23826871
1414182177
1369036509
195246691
11958651
1990518896
472390603
891839538
672129426
1316614384
872494895
519712097
1647258792
1325156271
1191911882
3115204
142130988
13140311
732899187
121956935
659084507
1490302455
1805836463
669444487
635561192
698639067
207154153
1188248445
564453061
924108951
2133966926
1225413973
873736593
416278307
1181783111
463415901
1644621854
1856985632
503181716
1939314456
1057022877
649492281
1874931970
413608819
1383808745
1783967908
2087958472
725034511
1622045805
239033800
1457811588
290034365
1102614706
763669497
508533197
863149576
2138241928
1742182750
207004788
1250054123
1552605648
137755636
98925404
1487536035
1897542117
1116452523
2140024563
554431135
2125706405
479223470
1530502732
869841045
1983081759
975876800
1444632539
1384445614
625805531
1815144130
1816169420
945517537
1264896704
1871373649
2121632256
1524258910
559676070
1789643148
1564140965
805810720
222331769
1915351795
800782448
1582854309
1910508038
1058092395
1774329722
587606458
1572431461
2021705566
189246388
1675827567
1766590979
1851699199
884678665
100724523
552827979
914659243
1823012623
838212056
1928706033
484834411
1459866216
1784046910
1104007899
938339478
538072507
1949227630
1906899628
1825737107
575696714
1361179988
1025667053
1576973500
924364849
1715495280
1227606490
1008101471
1733174842
722177950
895052999
2124439262
119081311
475174673
824163629
606587382
2076118749
2079257438
109853013
617806876
72324081
535679412
1884177312
571999747
1055226418
176930602
1041631089
411462203
675557258
2075372081
336364215
900540659
1882389458
2039433513
1997430298
504792543
1641106953
2001082383
537124289
306645556
1439720241
543768403
1875563710
1271096528
816464071
803067335
256648471
746121848
1848876253
2004619188
858060402
1704892473
98954709
1764822279
1348758876
56662511
966294460
1817843881
1793150262
1720088292
1320348992
1701530348
708284092
2095326864
231828048
2011210016
1597281587
921202559
771362383
1243069510
821644335
136254032
1619330036
1495374044
1241782270
270754521
1565803712
318681559
508109492
2036863336
26056221
1697456303
2065575892
763561508
1968766480
1394044052
10993816
930631827
1624213915
1827396286
1430778590
837635381
2028592818
114242018
1256989871
1499284301
813413335
1331364544
1788675692
326819007
1858135892
33990617
1426417047
1090386452
2119340053
1738231359
1902025275
1817412763
405144095
256276868
1542856954
236781739
1008558257
593728724
1894681521
1111998979
1800468469
617366303
2140574409
2044707922
556939363
797458542
1632874781
750799314
1671220659
657507927
558519427
1124368910
1417145212
1298695564
105139449
985438917
2035386734
143156877
1601619054
1326431463
1744759081
221406078
290695466
414816188
644439991
771681555
908530906
81411108
1558445229
1443785895
226482748
947464697
1163282649
1695520108
233505635
688427408
668071592
1449416381
1090300583
583265119
1382874647
1419403664
916273197
756361144
68632148
730419975
280538639
626907315
674914033
1027061285
1952337191
1840633899
1290029763
1229532829
62487677
1032260574
849886813
122371782
1639021899
1300629944
300418084
1725643436
1259083177
1904311849
1282840591
209132096
2051537881
1828607666
773786878
2012478639
765881393
1102369408
103689651
1026576079
648541089
2028124975
1296757617
2110039734
1714886880
1948854191
1968278575
978683493
427568696
611339076
103172729
1155094434
1669346794
993129127
1580300516
902370019
1006199615
1689481546
2097851180
1910973286
1920623148
440524985
308922092
1815034462
1197879200
1720693788
1683856888
280683335
605875310
1912652249
967545946
1293011803
2121446610
19006806
632908776
765054493
1061693090
1188854492
1780084607
1841953042
1101848594
306616215
140957662
1518655631
1106174244
594411450
2032002081
783384494
1996380586
1126907071
1197260759
1592778074
1530662393
1781224908
1161228483
154931338
1824594988
653741105
983213612
832408971
1662094354
2147458574
1693246433
1354368629
93828021
2108821778
2102600397
1097935039
568138376
1937909598
648552754
1185243631
316024108
565231751
1408973958
2066152809
1046508511
581273786
550850279
1048186217
1340636545
1173682170
49523259
1728360716
1571393860
1658307462
962161384
742025608
1908672752
805618518
1210121261
716329085
1813517777
