100403890
735373177
391653918
1437676946
1323088917
226954909
816758100
419697779
353616391
1281827753
873096370
1447917532
812860403
1081549973
1321745354
1966862636
716047735
1621498223
986407932
880288176
1020609381
1070529080
1786691147
1558938897
1141907172
1214896219
654258253
2127116381
1248024756
1219225035
404227644
481814448
399130255
1908577208
763503659
2013572222
1875758250
2032116461
1106237522
456738432
1851073883
772775881
368722058
1533851961
1807392980
1169286104
2249940
315357220
1449318157
1266734861
786876691
1489562492
1934042560
1451936414
865146842
1756936103
87774350
518481788
1257187424
990826816
1145968959
830163566
433332624
913377216
94264871
1633355721
621943869
1027166408
746278051
666398926
1355253363
339525133
1304640963
1356371104
1014376936
360425440
1851118338
599693024
92727186
1666561625
1865390384
1654592999
800873042
933040927
160020336
762411679
1405596366
940486103
1363037277
162540542
1523990108
1005198631
1809464136
1210990624
665004825
457328230
1229933469
460907777
2038446874
952669666
1950719076
807688916
1157707962
619131340
1773768163
944241154
1403067923
832254404
2047042400
1911185090
1827996040
1883669757
179830531
1289122897
2146433406
104976653
891697626
1625536975
1920747818
485569364
1588230647
1170717366
341919877
186871558
1992968372
246174967
1832032605
1982968278
1428409111
1705379506
721181573
575584576
316218960
392109458
430518829
1968620147
643676767
1501577668
1960447052
1390300890
898374866
1546417810
1546961465
567568198
449584556
669928096
741194329
1953343418
452358242
525701569
1143072499
1423441362
11006719
1776329335
291082016
285975504
1056935271
1648472325
1516336350
478970436
1131119288
1681949235
1043270211
548913752
542586572
1744981918
2011006926
1709963957
1062767067
352671673
2107430361
907477270
420219966
1413165924
1422416683
849021543
893480014
369404711
2099962538
481125273
462266475
134440459
2069228077
1928047877
820932376
1533111317
415616111
1166615162
1392711492
468981344
1165056032
583277029
1184365220
1260365526
813336086
804029084
973032507
674914698
236920994
46583623
1108272379
1996595637
1793281533
1076057195
851148933
1897989196
1146949600
901301652
1011598349
1634951738
2116479538
793844511
136417625
136770623
376505052
750963361
171853800
703175268
344665273
1805966328
2131670575
2136465690
2042064809
600507628
433429758
1152974319
549175237
1627362688
1129826050
1849400812
1679996332
2042863323
408606307
2114649997
2030451196
918183630
70781582
1028747869
565982685
1869322754
659972109
1999959598
1475115703
400109247
2146667665
1991005170
1234711299
1235143259
1935243538
290892346
1804488255
395791165
244710413
937756488
1926068731
2062678413
841266668
1338329810
1821071889
886726778
1876365700
1396123990
1797378546
1391997479
1673824952
677890836
1209946394
1673084979
944602426
859709613
1446786213
1076769507
744283506
2009704278
1079144444
1558399214
909729143
778499769
1162727080
1948846565
981246010
1648956008
5521735
1062565182
105856194
617355518
71485339
809818108
1878160273
1399163604
33466815
1365906172
1426888742
80740957
179032694
733002717
1765494940
131323935
1155873948
1659904653
1899949424
678153294
867272126
1649730925
163855200
513568775
1044174789
2056740384
1619415406
1724295206
427981773
783274229
1633156355
287916996
337872916
362670318
381455921
860569680
768424717
1466411629
288482833
700970313
636007828
1363977850
1162463563
890241429
1777788477
871159987
1296996532
465925249
370579397
1517238737
1871688210
1728531542
920630442
975876306
817093370
1072170132
35516886
2006232265
229914586
185372110
1965437558
702763326
1502114067
732735777
1319442154
1871036227
120899646
126042450
1543129301
552838420
603258768
1632435075
1855665747
1845354090
852170072
685562258
900795978
777817948
1625748901
842164239
1313927130
1565770738
1363960836
905613783
1449811694
2022587976
267288422
488362833
318189556
1952365916
625762849
1342187333
37305513
1041409652
1905295373
1960486740
704992269
1954913070
1500284111
869038616
1432352630
1582573094
965055538
1949059289
858232513
1149519933
1533079217
619517672
575741347
853364876
1048517649
248837276
578208797
957679846
701750827
260155366
507917326
1343152386
1059802567
1338049683
265958882
1967809101
1332781988
1210338847
509425256
1189664331
844189589
1737596208
60102594
1493608870
1702830021
1049354934
340647798
941864405
436099611
916046492
790623137
1956526954
2090387896
2034049067
1793571146
1937176312
2010964637
418436604
1687127508
1834048158
840973674
1178579864
1470756238
2089391669
1257164098
182418094
1172953445
652916754
88363466
913061359
803605945
564777080
1828955983
1603003274
283814988
1668260253
779597575
914885951
1291725655
1460209239
946071919
996837410
450370487
1517214051
1348869332
1795438063
208689220
1138280274
340410862
1335378436
52992066
236655889
1368383654
1490285567
2105505521
1564869907
1625548537
1927467508
1524310591
1560159517
164971508
1601203275
1466630814
233795245
967897311
686083381
2038615535
2075247624
794438262
364783049
1615239069
1058272223
658357330
1866068671
2015793095
581635485
306929767
1026126535
2107786133
592867408
525227174
1148250247
1295405228
1355128369
1060006083
871285296
1028955580
1637056210
481617425
1275027643
1274432054
198924771
193254281
421779654
1037543195
820409504
640432105
907912965
1424075504
89512923
1621892089
850850406
2060022478
496665761
1303326440
705598917
1403355798
2034666892
1292046037
389598025
591500865
157616805
132536171
1559819097
980743765
53634547
2071836836
585535807
1154244979
132513444
895776686
1058486103
26721549
2086555863
770759658
1493744883
1056759606
2064355332
1435183633
1017296847
1295246226
1141456393
914222961
6017835
547790188
1234561234
487620438
2004827787
980670694
312531107
816358532
181931527
1089486155
882383109
272541919
441189967
2018099841
765322827
1656681773
785182271
462408602
796076479
1260825332
1964974107
925964425
2052410990
1012710014
15053927
815915249
812144781
1344214779
2010136678
644844057
178964871
1458817733
1548468781
1705806332
914324132
117951934
1431827554
611723646
1328691287
828481493
2008802198
645855160
1008633892
233556392
661143357
2065948788
518824748
398165316
738426950
1237252020
2085572438
364507399
1224974171
2009738349
1030611228
1150963366
704296119
102052945
1397772271
1139667019
1383562142
1777672906
1960306504
1229886935
732975998
302595330
430816845
1948392517
683604128
320322847
968409115
780566830
236768907
1505646220
599764662
983784553
1844655605
1415409011
595077771
118362570
911280231
182588231
235563165
859839755
1343091564
1862400637
1285677396
1517484489
783682933
272479066
832430559
1974159781
920886860
1991287783
1794738753
1567947403
110277939
1937460482
36790783
2062307087
702138009
613125775
535121253
1649134323
799812472
2093989067
844647792
1433740741
1904147534
211581121
643568731
1122731429
1534484917
1297767893
1221400777
1469539365
2026443937
1318041213
472150411
1133551433
854157366
439061008
1416586255
573659309
1163843396
901412278
819015526
201090246
833662816
453173887
590495216
395062336
99750816
1535986321
92833702
1508573575
1862873330
821452665
1255640836
1417940066
827268633
1119093666
2101543569
2003570105
876839237
1045637347
1895148812
473128311
6731087
138659378
634322485
1273406602
1786693774
573126262
308549173
276428039
825708376
863531643
1048960427
246547051
651273241
1192409087
281826387
601447421
2015022857
1537363945
843046997
910928719
1840639885
904414617
129763368
1732188387
1352507692
1325728090
515088673
928258281
741111340
573757428
1496652956
813040166
2124693961
478724447
1007566277
43708657
1588431889
1867286673
72950276
337090648
71575903
1564403320
607200771
1906557791
1805356913
977345028
795660637
1341548648
408232488
1507503963
430084836
1965838510
1485591005
94324784
1494267791
152729067
1163920731
727668526
48080382
1633507354
928934268
965468302
1663830188
713600343
1211097187
1029992904
1464807600
527363554
1907321427
1132962405
480680752
1076780610
149586474
594644979
938222434
1554602374
1994917758
1048110867
363793216
1533656487
557150291
34745260
1575920840
46889993
1119034485
749343298
1693058541
1690857504
1301038200
1600314465
1860620573
1577041455
928292426
1921894963
310885488
951393324
1737322866
100193073
502014314
1353221824
1626698983
1782183926
551321453
183305322
446853263
1076141871
1314683582
1433221315
1687764051
346722223
549028402
1320593884
1812485851
280050079
758506868
1410382275
521334251
519905491
1784858102
1207072293
1792922201
828398135
1790438514
1975156749
1307406762
653667944
1923034396
1933471179
1820036937
109384543
1721345126
830154991
98375523
1665224520
1174386287
562424436
486278498
1648211569
1036081929
972396283
938407939
285021790
2065358949
1970691372
1668787478
1626210297
957017694
1228249153
407584466
1229177574
1729705054
1735530654
622501074
1538952181
558484465
2145195160
1593793200
646035633
244316644
247079766
1373146684
1692832277
1968412697
686867413
350558042
1787478110
793186794
749212165
1495550837
2098522620
1803582776
867003409
1817943716
595529634
1445394959
1492183484
749700183
797792124
145629943
418293734
120021437
514922880
1059846106
873073199
1389890486
113712862
1802653069
701510834
7203440
1306338961
1004235773
787030002
973569184
1369039127
852108535
1901250771
459445343
472102205
257445267
1165500095
32130975
2090188820
607331390
1659728361
349777480
223846912
366202211
2067153838
1191389171
1378077422
1706733750
68451095
1200849730
1666258853
666312989
2141134715
683671770
1194308150
1160862010
383703874
415157246
1779845006
2005104281
437299396
1104487113
289129514
508476787
135473999
2075527175
1959455209
738529053
1527338568
507771057
501231869
2117278992
50668648
1237204740
41387515
790004373
313999656
1645354301
584488723
592678669
298624568
739355123
1926857305
332475098
854675240
1331025936
1624430401
1836966126
410993962
1815004269
680328490
363312878
215180526
702350090
1519005969
977346050
1177903277
671106535
1862364262
76015164
1213636674
441669505
745121531
111656610
1187234162
622002924
2009728537
2025876442
106863180
711795593
1620880045
2144370545
338870188
1336850021
1140519072
1678244295
1406448089
1060857647
237310276
1888673947
1058795854
1481028307
1399077610
60978223
1854561686
376330679
1222987664
855395608
1631019088
1532459921
2090572983
1514228900
1522239058
1055610595
1671298643
2031282663
763447530
224806420
1575354076
786171236
1781131584
1287337004
1140827778
1626017109
897671127
108487468
1748093821
408804504
