468353586
603323912
202495362
1555848758
56402067
2112917570
443745873
1554358160
639499743
636558628
592476523
4430632
343581597
293351578
483536098
1542759945
149763101
1335157674
889226568
1096681940
279411893
253914768
138337993
1753871721
1011001895
1868464762
140303701
711691822
1304109342
745358556
1209486837
1153862655
1608129751
87254641
710708031
1638164914
1206867421
437022672
682981093
282580037
1331630828
499842471
938687079
1093640871
858596855
2098087574
1322459369
864370719
443774789
252961962
852294687
140972893
700113078
73563252
14001764
1079905308
580336420
1654225861
698766314
1867915632
1087610853
318491145
1546814732
136587953
118095980
1989076030
545360832
438312196
1943098895
1283817103
1178449448
1592874883
283102179
1841587601
203051079
312166408
1655858371
1010956569
550686416
909333147
2141306736
1785477815
1595446554
185435509
1357101778
1262946772
141158449
1866220465
1760812125
1194575716
379830534
1033351310
626555535
1290615623
575229894
1170490723
1406717333
232142146
1729569352
1081908256
1696081933
233243540
1185218463
1616451708
1380760039
1240299832
548973263
537967040
1032609637
202694071
463265437
2002321200
437263937
174506150
527627391
2076141841
871830253
1254836931
53135539
431341660
2140909557
1805600424
397643116
1144188669
1939493249
417315626
254893862
1633473224
1012287222
1607373137
1437502491
223089913
2084213949
326197235
66887886
1740746854
323342363
453187311
191392708
792096835
516200255
973267971
1252346450
2108117394
898910043
194399051
352792722
780554533
1174385386
102370647
300416623
266719313
979483151
530388199
705418208
334322225
2102773534
708462149
1025586738
1032401812
326914356
1132046911
1161099389
11714436
2144970496
1638862528
641661240
1917215348
582443941
89380619
602662633
1706831365
1440026552
339432851
546921973
1524842357
1908052068
484223353
423416213
1335122596
658974381
2120399266
398643689
1070525380
272752849
1046644596
259744038
981219741
1843167178
279032622
377563628
1019687547
1122497265
467315682
1993640115
1446239669
420064188
1300866319
2000714339
1795693530
1991453608
1176832991
103719426
164102009
51465778
408278521
2020652935
1713547405
1539240191
1148167172
517525966
1683041411
1172225051
590238138
1818172837
439858410
460975198
792604068
1386918915
2016517814
314450411
2112729719
1027367256
83100721
1427264722
1748712459
2136297472
1660861311
672870869
736023028
52471761
21656524
1690911048
664256959
684086483
2095266580
1552898577
545743563
1929266959
1485395598
2030437071
190709185
933141888
1457977270
1990755095
288649649
2056539687
705165302
438470362
482136266
2145189178
1344890096
754013666
714985142
1855051132
1162430314
269074811
1525709456
1996379048
515616471
837028398
1872060035
1161500423
1360046974
2061574057
1259192064
1207167265
828866889
462470330
1331123099
1895911056
210107692
34996602
1335128963
2121339631
1280276272
1189105031
1605390236
194929138
505785115
793263209
575566907
1378951056
854995390
175949334
416181373
593842522
1054475483
1621796240
916455748
771132143
383326128
629688236
1983000015
563638152
507162149
949134319
168723445
1696889519
1517010061
1382777233
2043959806
1773560333
529480220
235915939
2086845470
636715616
81850342
1176809292
1010154383
2127489419
97644176
612662063
812340554
358789063
63861909
681582312
1974323809
756052472
1334816567
1448644534
839181308
623238938
207118336
985874227
1122843886
1793026778
1646399731
1761545533
766266099
452089665
372318548
1794323961
1346994568
1575511947
912299281
1856495086
1770031207
1806347798
123416780
150994508
352722846
767428470
2139491462
1813418832
1731783499
2081092773
943285993
511512255
1500578038
246654552
1067918129
1865887887
573878411
194390892
2082143161
682657701
1749459698
885380223
1807160094
1563032761
1013516365
94764700
1393569298
224520535
91434957
662804238
599228351
2090818814
546472754
798870101
1450480341
603017835
300253149
1023111223
441481522
595375856
665773971
711059181
1379666989
272647677
633930448
1392979838
296593279
1961056960
728002245
5520682
1370450127
1964308969
1612419313
855738876
1377672665
1188197766
513501783
3613314
786803514
801189134
875832417
1704753817
831542746
347933561
1227837777
1886879074
1894185206
1593148812
460290656
423586385
699519689
1452079667
456930677
897528164
1963340246
1791653638
1121426563
514596976
352185557
699138798
942514303
1490080662
77475639
472363233
305877501
1689877205
2043298904
1942740168
1498667366
1976411834
285190977
231937154
1137342680
1158999602
1289968918
88493826
2070188442
1814486912
1543295010
1636840340
820791098
1629212233
1274667389
1125012285
1911290438
1461399756
1411346264
668554815
2057598115
1056792112
2059210213
105594811
2001944973
734109686
1614209253
1356532081
1232882475
1282844814
1813988303
701954467
532772814
130195717
1049266842
1232811289
176464070
1704533979
1407305000
737685309
951835873
620788467
2023624527
391428710
1285929089
2066548387
1663342468
1557240370
386569561
365949931
1024730662
1521523212
856820676
1969266627
760713061
1210010061
537315265
1619150221
903682509
363176574
1464925071
1955931818
1099531123
1660613948
2065113569
1210145065
696119226
1940366900
1861642687
456822681
1186113474
75519438
1270859257
190794751
1658664814
217004519
381434440
415961059
1077350673
1380616502
474652674
567950213
2074247605
1162017488
1179827321
1058500141
712925191
266566598
1017979634
49633696
970293218
1842044140
635239485
3480238
1578996854
710826677
1223716342
1218988264
973720341
1035600186
1202584406
1283395440
447744154
1735790169
1308678582
197509353
470045558
95261690
645649058
1698330765
1092392024
1370012781
459926934
643463772
1483175800
903557871
970832728
1502618738
530831489
1357468236
1008975089
468018034
1251132185
1730567070
2022309961
145472542
1085583886
1503663923
1345760350
1045044233
1384339230
326132108
963172129
754041699
1881396579
970147458
345677549
1098824179
1059190873
159935620
305209764
559767844
553881998
1316008443
1314294632
1326830902
1913374437
1833238222
333715187
1127673749
150518662
1355901953
159742356
1306909767
1652727141
1013973880
454874311
125064318
613007726
1991277018
746973039
2033102925
1305614410
1565418641
1405671602
338960760
1787094481
1290636781
1127782001
230590820
1459468
732703080
226386275
1810136109
993698533
127191556
500416717
1119298262
821098862
1299586257
256227296
2026294939
317273546
2009368971
1785706158
1991520099
1952109244
1342831455
1061839050
211894097
894849482
1915368398
1343349628
1899238778
945609997
730212779
747189662
831451569
1798568856
787420734
1167801111
1396962173
891282051
1233253003
1446012401
1979715116
9276563
235816620
1721700120
1368386561
358507143
280448347
1845911729
790270600
2115624449
825003404
1674005524
353942027
1910911247
1061628983
1221371240
30206493
368024662
103503923
1544232666
653233491
58113498
157372990
959675770
1543720467
1857602156
735032089
1872560562
377040516
719913905
37269968
798203235
1687219621
1596079306
200690712
890581405
416902009
539893669
1229804240
709012987
1232985696
1172616416
485325994
1694337945
860343170
1028755541
1312080099
1207418292
965399652
2036565062
1974361134
260297180
422480796
1934368038
959054255
659855832
1054581409
1283379202
1053678114
62347542
1108665020
51668362
651039516
742985677
500794139
1557515200
203350122
928456113
1517653508
368711740
1772220822
1168447058
1283335975
1230382361
1360952712
2044018962
365077772
1157157504
1810048584
1657724609
190353323
244684495
1818433249
215281367
251115034
122660709
412343649
1932643917
582790497
420652045
879207166
1611115032
1346054761
1565150980
1654096979
110845763
1135528211
605649832
36432839
636420775
1227879014
1556676032
351072270
2002446922
222016480
917111650
1816320201
1118286418
1857583597
162784133
254741321
1821988772
1007599477
2119961379
1057472881
897786398
1980490896
489116426
1839533241
2097002605
322338389
1792976960
1020512079
299128715
404656592
180719889
1548432728
1196672984
438914065
1129298103
1395406932
1660242388
159312225
876301220
2019366559
2022265975
1564122512
2034798190
939718931
1932107565
1441230698
1336129879
738877643
1811386737
1926371656
1008517752
1279391491
1554240005
367468738
236544138
1545550107
1552764875
550860674
1097347153
788177594
261209668
2168628
207652518
260642831
2064588706
450243225
1588140319
515011123
263558795
650409403
137906013
1824599978
792877421
1924386619
1782804209
476408585
397427064
1157471430
964645867
21322161
1333268285
2055496870
1760184321
1039643833
264380129
1463920244
117004889
1130925546
864871933
2142457068
1326217715
1005531875
1499936022
1416964825
455218358
518250589
907204276
1952978223
344022294
141436809
1490273825
1024412727
505086046
548472726
2012862399
1298531813
55752607
596106575
1626754310
1484393285
241220917
2128046816
279735834
263551764
153145586
1797806520
910418693
1611719531
1519719658
1156888714
1043670678
1116210326
1698540763
1390942063
1077152981
37662467
2068490806
1584006182
648148769
921194070
1413246670
1111804027
955314152
391893913
1549750300
188116165
1299875843
1474744465
1414653229
1306009736
912322476
353220140
1779566889
78138171
96363805
2064926742
1283669120
440772389
1196339910
1141405546
245477042
858646625
1652561705
1916466822
1128258235
1975030272
320114774
1999894519
1507934234
1454291789
1976706302
1818733203
1738760829
384476971
1909482807
39134374
1825495563
1727410075
257621195
91459652
2067586637
1993156442
1321521469
1903987390
400184762
970519463
562349401
945801519
685249501
1678557218
1445780599
161166390
1663602725
685625040
2111706956
1106496702
124125001
1036617275
1936131180
1707002872
1958762838
5439415
920690272
1580175466
1858172502
888928191
2080158047
328600097
2033060766
1977164413
653435565
742553602
1588392885
169870952
262869901
1694394431
1472907996
1015848712
1645771236
1775767013
117869119
1994336725
892495980
1132207505
343174070
152477501
829087889
531333955
47120440
1368553925
256944108
765289290
1294140125
2014219591
621230937
1181939807
239145613
2056638553
753703351
627704014
1114184778
1295325646
1255063611
1548979407
1792401432
1233450070
1930842737
975183859
1317771909
1781647937
770279377
1479489466
1119059160
2057030496
1864505594
2124376385
394149338
664538892
1822590605
1631414296
799190331
177378368
46314409
688089138
615633827
1798889953
1875996158
780102902
273205591
24062239
1403526544
1192114034
1379995011
1786113011
547845642
1925293487
285394986
1659128264
868721596
1713665311
1604911271
4928566
1599344179
1056602675
1012822750
