760930398
463492464
1184796296
179222341
322157681
892917936
1548970738
1830698868
905114641
678981943
1243393367
1987288630
170915419
172853583
871806430
2119770924
2093384151
1566494186
1959314970
428005203
140704062
835293492
553867420
1348399662
1990197852
1876262097
1622876066
1702901650
231469328
352251320
1955593454
3418125
806527089
959771563
1964139698
1420529140
347110411
146640466
667860391
1052414216
1243454279
629301747
1053651005
924719812
485224680
439467473
1884255981
456006
2021765298
776171038
1878679978
1359458007
1158229285
288256925
1705238133
1258875929
1929482087
1284791001
798750992
2067296972
485485375
1652067579
131490762
44160829
1491489085
291869772
1875262329
1944344139
772710648
709357128
323278982
669517335
943783280
711304539
1318280994
2116888391
1762256273
953388091
797958295
1878196471
1082266329
96244961
431095737
1403015486
1092247568
1079860517
745548411
372112472
572529206
106801909
1668127390
1131758709
962739579
1305686577
677539715
382563357
992362600
1314168358
858936098
670663998
144912155
1656322214
708525075
1940188884
1923348655
202582208
984415946
456614707
1004400826
1219814178
1741914080
1345972468
186033904
1935934983
466123148
142891130
1753503460
212335326
689890864
277932063
1040601583
440948601
854147600
1631850752
185001257
2029623534
1880946205
953267810
556686740
1436840462
65560047
1473059264
514255961
1681475455
1261828818
310363506
665537834
1765872505
1466861047
335296507
1335242950
989235993
2025108428
379828719
130452891
1782972261
1232116326
1503881343
1619859589
1363153885
1194183961
1256398499
1746487221
317916346
11427626
295798499
2032165293
1105188550
1741037468
572735425
1960786535
2046585559
36995110
319790278
306143381
1862864617
879278406
133443112
1618124036
663733975
318954863
1787877652
442746394
432875190
1025355102
144763550
1477052798
1571174606
1561862027
846344003
857468374
2068613430
1154657466
107067671
535916203
417927435
339973040
1457954447
364426346
1412979533
788948483
516791277
1486293636
1393417558
574509067
1582113092
1023923636
81403127
1021816309
1246230311
1608871008
1731124784
1890361334
2114798578
1713623833
1903571596
1503227803
1506237364
1485012797
608494615
986232895
1765237944
1384276412
1014912509
443311255
1173519023
447978487
428315841
1737995111
1588959867
1904894148
967372822
16749911
1160790170
816489358
2082019421
1219089888
159007789
941250458
1789024700
2052628833
1424496804
39330148
755117783
948378190
1169768456
1887992872
1470956846
119852935
1288656869
2058909052
1646505235
1997080007
1389939410
902119706
740659014
1853089331
834719903
988415676
1147298351
1224918034
1650919193
409562144
679458999
1432210332
1346080124
1566473515
2029151427
1270385643
1359031414
479769642
955336525
321121806
759542996
1570833459
54970401
466045757
649682635
1405216682
1369427762
444560422
386962405
1867158751
952809879
1648204646
1093152135
1298504405
382100517
1441608979
224055835
1759332382
522782121
298253686
1106688734
1982619105
1357394626
1575516374
1546505287
1700770046
25625945
418012783
156142355
1018526536
985989567
2099609730
439556074
1639005937
1354232673
226288518
607910831
2007449092
1482988330
134010492
1182740073
1622190091
2114824565
1485438560
732979913
279560144
1009655214
559441595
5128279
191716161
1879819652
823249237
426825277
1679114092
1755329996
546529032
1171271856
1354562218
1944205045
1058974640
350132983
356318937
1524580132
1759369023
1304475673
967695810
640955372
265504237
707148839
1264560537
1005473195
601178508
1781051427
2121243554
961582724
372352505
1124223628
1667646192
1007165172
1981981359
1900381831
1634377032
1050714643
1266467701
283034540
515546149
892138346
1846514232
1815337066
1952430037
749875307
490030067
1690968343
933122753
1603948433
421724874
1100625303
763940554
1122125589
902989623
843124648
126572238
612476234
1593234011
1026624457
416513609
659362965
1350105974
780259013
340195608
1894966541
1956061810
866433504
2070859097
726160811
789494170
649344924
1685094767
1418721070
1960605800
351193896
1845815330
105718414
1966041467
1137929318
1819561187
893263130
1733404071
98785944
1142546988
248914992
429944359
65417126
955020294
1923758745
1079408621
340762126
220758180
72823167
1392925210
884138856
865597741
2048198411
709898633
1202100629
372640919
1561547935
1539091334
884748420
2083618479
75245229
819513757
853080736
280374581
1043740722
600887436
737367514
1317963043
114633683
872281178
1117068110
1706543630
1278606482
121729921
1311580052
1401958822
1034911789
1522594630
1305226662
1114895704
1562539283
1640173354
235308649
42900498
858928643
287845753
1828294362
360177190
1176948036
1617611519
1871050454
1694999880
671793531
2001965018
1330201221
29543090
19043884
1019256683
1717977189
511333735
1702992336
69514598
727356911
1062279827
1054817166
467255817
1553476839
242729489
814334618
2133579626
66841413
1991069959
637985063
524048872
573030331
991067308
1530936586
1521124803
1205644515
1598039850
2124523500
1282243528
542252295
1844807839
1274044716
1604134693
1439852684
1178117693
1568561999
1261071963
909711611
244046224
1045569316
182206800
636359341
637880799
176916089
426653316
641822483
1203853740
89598067
1803979100
1111388575
477571671
1489367438
931425178
1875419475
1879472095
695992626
1208269806
1488761060
1472736967
1979811566
1971999653
1501527946
1985953303
1764882771
1209548160
41950311
14501753
1550950511
1994344352
1297503889
1197928324
1586957797
1602585244
1660289982
993898519
125156518
790978485
2005387147
827403995
1599124046
906706977
2088420713
156776938
1490000925
261318531
1592739621
1175563406
285114768
1316447100
105972242
1037016609
990365339
1383668315
1702380756
385047828
643422086
936039152
848558028
547805196
23427169
1308010366
1276312091
1695037223
1186419237
545060302
694289749
289834845
1300166505
1980268128
1983635908
100301313
1128217278
890242237
152851798
880040549
1577537703
958948072
1036179236
1156086685
1926354744
1212621299
2050535839
662011997
438205770
702859693
807329113
1930690300
1462543192
1550793081
1472364141
1068835737
1879633913
1928297530
188452493
743314012
193294842
1112254826
340254118
275246038
903055895
1648657738
1078801202
120092034
1852864086
592949811
1569716761
1170573421
638122241
1797940492
668500293
18188273
2122724670
1915596501
269974209
1603355293
1379760972
1441566047
1790641036
1925168945
2061393500
1694831902
1307581952
1925879748
2027294218
1867589143
1889609946
956409096
102010230
1264074227
54557925
1551817638
319816195
1760237878
1693907784
50814403
1277948844
1088615817
1296103016
903144100
737016062
1049192243
402685819
1581430382
21424310
1967838118
389202603
1670099974
542067447
1545913142
711375842
620411671
2026333223
2028100580
1399729720
1229276210
1276564328
1791784793
237398007
1684002063
302866094
1008199150
2101673287
2065053425
1608918658
439587048
2020426619
590180648
1235753810
809586113
185988854
1039378864
647114354
1872712865
1687360955
704785911
1668241587
1033202668
646879377
1102579132
1628844190
437779188
1090213071
179802643
1536780878
189027791
1672999113
1033362053
325728999
115127364
1263301847
606227028
444807607
1673487839
1175167743
2046803931
608303335
1882977572
34201406
1136914452
1216294877
1348602848
762188408
1492402228
223932722
1678838427
1715311097
1326929777
346031691
1556899113
1133163943
405588707
160508566
1179121248
276719303
171992456
1259634787
1264622819
883921256
1447210594
835271004
518558493
1497367151
570977979
893979811
1634997322
1709497408
1449990793
1357821062
306839727
83454982
321920236
1873038817
1390760682
1956497824
342043347
1668420369
892295268
156191785
1631575487
643009680
971488994
452951329
1948055712
903934258
95332667
420402237
1260378331
71045115
1895177508
375072199
927774061
1779154331
753089575
828788147
1272999465
214327175
301783474
1679311168
1686687005
1371262644
1284251724
1667780935
977026067
450391026
1324160994
334235428
1916801075
161406948
2128084800
159819326
1098689990
1425252504
1292470939
215678004
1370547733
246216391
1438595402
22137253
982126959
269212842
626922645
1965141404
1681688394
736997494
309152166
1584012695
470824577
1481397366
703803549
1942066226
2005876668
371324612
2086302399
1546633333
1287689198
681532068
275653070
1024401335
456571127
1450646909
852931187
408816684
450557545
1064178037
669969368
1245571602
2086620263
1158178728
182910546
1499446645
2017834665
2024604676
1226642236
1049105050
1922129309
1200878788
108382175
1338557198
1520334760
585803654
1014244749
1395507531
174570634
1348998667
821545165
1661121795
1120693472
1723122827
1677789616
774492684
559419330
892210099
818288450
769192937
2008885388
222939196
182523932
1176020977
264652475
1691822633
596541975
1479634975
1813311981
1026227613
1442052891
1752049781
1824265226
1200711510
1734030613
2011109645
381395842
549760714
1850824454
498589373
683503532
726159324
1087546680
320533606
978260302
1560358459
523451021
38291161
324215098
181888088
1651557616
1137761639
799274773
1127991297
1176917740
944259332
1493455411
1035132575
798654555
1401744407
1134456478
1135123208
493944886
1523297505
630728758
829153026
831291788
1953924231
415952370
1390828117
365032846
1344679101
1486382916
907346316
323370183
2087063057
1094765979
923727432
626520424
73208018
539892738
573332288
481445057
1002590875
1836537574
104607192
670237132
1932749439
1485917684
575659869
208463588
846366162
416700961
169150427
604022931
2079147922
1013234115
1822502043
1521094536
30536817
216747228
966341693
110347175
1065817472
1148621688
1197326958
1591440955
187849593
1749807148
201282885
685325639
1153313961
192893118
1573953087
81269242
790226808
240090851
219885781
920290368
1273463703
613907235
1046626488
895866229
436853700
15164377
1432406441
1484704820
523340349
289245782
271325942
1361490766
2017124799
637564966
1429823636
1255937495
1116613945
1709491818
370435030
470411866
1247543314
1576388964
1157586376
1762197292
824312084
841363986
1897354538
981637598
1778465267
415098865
9839116
2025872332
1421186430
1808563426
1124258051
1759813074
353293921
1134279978
523419653
1749521694
373682324
1779694996
1451847398
1617474337
336482148
2033969585
898276720
136893088
1299264028
1888990272
1228009752
1819861991
1073342800
1380428712
1648163939
745663004
1864130245
1602507937
1598562773
101071793
1353445888
211176691
166489233
105453555
709841770
1489655895
697571474
1640547264
1975429148
2068191610
35464324
1875410773
618913869
136845599
2017257280
963299141
1212795477
1378213219
1468875491
1362195078
1078266973
