1913371630
550378857
1401116954
1843898242
1423324953
2054861143
1299995562
1883834607
1980433864
1240236821
479793287
39269951
1658200008
1571721198
201908751
887279432
1087935740
636516186
415168755
1349823490
370656418
1843285528
1803057738
978482741
45713070
541346019
1296520386
1309340611
347490642
1623202004
1770483441
168848271
1878541471
1053127507
1064249545
1873030921
980354629
1549328315
172573226
322761304
1032894326
1060865162
687167634
1531067682
699834089
838094401
78466543
34725371
702054651
508455390
1868630677
1516825191
260218863
1110093044
1214196811
2031646094
1100758614
1635853668
2040026240
1963378555
953197962
1456057018
1907615643
25198352
1212863060
1230367526
1921527664
1667868810
286525870
622136853
1165292238
1989505709
65517474
811640427
1052685365
1040960652
2094209617
611602015
1467607461
1391384055
731732751
1336731380
1710792593
2124852353
1138546604
1933710608
203561203
479772460
1508408782
1752970811
1891835513
110654131
1654667897
621979381
903794397
940671092
695574449
1862390963
1030939218
1934170617
575537719
191247736
622818074
681147170
233402734
1096867597
382827828
299644144
1133382497
1398544349
437282611
921836272
132992734
970054511
1644299818
1075600706
1471229370
815524992
616410820
508098885
100188472
41201340
138282352
2033011425
409510533
1061790233
558522297
967583856
426838362
2096363984
1412147379
825332553
640414404
1283025145
588110481
990160619
567783936
1337908931
1370373972
2075201731
295071104
1312328781
1250413214
926153370
769731082
1044262435
1513225893
1160573342
1948591616
31470424
792456771
1234301963
342648506
1493826620
1452543529
686714742
551451151
1762069178
933668660
1000839606
762613235
1321508433
1659362264
549269103
495722554
856085933
1855673016
2091137852
490055803
903876577
1736095832
1959412857
558939663
178972483
511535594
1185524906
1373461561
187875301
1704377156
1857874059
1166149216
1027376043
937781747
380414388
641773175
1491125774
631631721
1668139497
1775263613
1103243628
1247970385
373711100
305122848
79593481
662095620
729681759
82121085
1290191526
455743251
1165240138
1797318146
619812540
746772484
462880389
918551669
1469955669
782626075
350376659
1980430093
1832217480
1865998413
2042579707
1916655294
1278808463
1727153754
939474548
1835645586
1321725318
426447347
1305677228
2001728307
1866866882
712812566
1085502709
612600965
1084479180
1327671163
1070294028
529436528
254185721
1528067366
356254792
455761339
1431130535
708427805
2132981596
720284180
251265302
1054756404
54786248
592490028
1192625632
1312588804
1799531490
1250189567
2131602198
1505442298
435814525
736857905
2069728761
1261605003
1703458867
458938260
648473938
383030661
259995221
1522183622
687035503
1494330497
1510892651
462071032
681425850
119393397
1152128361
1487889609
1298061559
213566566
620900721
1607977552
1172044057
1656543546
2093519935
315348793
1886608834
42086059
117319734
1883255046
779532374
1751813464
359950340
863179383
1563688123
425998326
1533612276
906211589
1404462511
654025123
1973186512
1044592775
1923949765
1025963867
948916848
1305386744
1124259837
845385347
150620131
45265488
2131263231
1690987171
163608889
1557127822
994593268
1050815537
1882916076
130640343
985676801
1439160968
274622185
933467320
1812609889
405609208
344594238
628034696
1903610142
1807845110
158017889
1041966569
519649900
1921381236
131946010
904353133
832040354
392403788
2042788366
1191971924
1921029334
181288661
167719658
607477620
2072530963
2119658136
1540089128
1399716402
1163981113
625620765
754193537
440336300
1556636530
558494686
370317551
3251193
17616973
2044940125
1777850974
866723720
722451576
740732497
1120918766
1381555877
303822366
886801404
49317863
1619414810
788909787
398957976
1695887674
16367090
332053336
1174565615
1255348144
219146072
2111640200
192654858
820188594
1291098783
2098873982
1373453313
1645704883
834917467
79007976
2011453681
135887166
1179064492
2076618028
894576908
452503447
559869851
1615583773
868978891
1053741329
319063452
451411290
763960894
333319660
1078825523
119104067
1991439747
507172840
1679607476
1488137881
1523700309
619372906
1263216418
195774129
1677545660
1979839818
1077595961
1752169301
2122370786
5294391
1896465800
1351908152
1957911046
1481526472
757309109
190358035
13908106
1537384223
1155191524
1862295392
1829028646
1573090620
69125939
750292658
2098290495
587487964
1987161436
1284160431
767986770
49928203
1712421758
1128197036
1194071690
364193101
1157193205
1822566115
424648818
1506719845
1343563109
1662655315
392746437
1041273792
1373000406
1834603316
1848949088
1702224513
1098023929
1779505430
1166712920
2109999914
1233985929
1462748053
1770294312
148505315
940200397
1081066171
1044231683
1637174122
1332171066
1928095986
893730120
1937286552
5534517
1329269156
579865364
515318412
848243957
945858417
521411825
1904663926
1916710023
96603148
1248364715
2118731778
830184939
476529587
1307093827
1892389726
877912156
373364297
806229245
306208746
1923419565
204388369
756802708
1815903612
45405647
1928039433
468673422
1502815820
1604079727
1064333793
99931562
1158332035
1066108604
173128086
1023184245
2016002651
968660806
987395760
1209759739
1483484402
1052898818
1270320404
855863707
1504461233
231828074
1603301766
1282594292
1577992787
1323666881
428947391
1839193339
2095922069
506047348
1011427367
1828419375
1270854265
1967130012
33208112
594574051
1078828086
1890623393
2971727
528422074
528329407
726585592
1520387735
174165298
1444321262
1757807116
1866267891
1474729303
162642253
669127995
925218815
1660841111
174507649
850271735
195033988
1379619254
2114804820
1582049293
517387662
1440403672
988767837
1217589506
1323776300
57974971
839924046
1646957977
1741810372
323281160
1264502746
2133808498
1239619600
1397926846
82181185
1181855436
868685241
445713358
2146754681
1381839979
1364483214
1755810502
887676666
1518575509
868745313
124823461
2053047847
400539702
22837886
1016047821
599119956
1480330531
375939529
1088707350
462934648
1357035131
1496468083
1480224766
979334000
704199722
1426106200
1719356671
1210592749
147303047
2084579065
335822329
1139560188
1741405981
2055775761
1571822799
2059830064
167401351
1164997078
1707253774
1290683502
118860917
2015310797
1783931591
871438933
799341259
1292730698
1195628413
1134507848
2013420776
687057027
1243445306
734043161
1027454468
1228535120
2099422652
881888339
274706866
1223051138
1551779789
902806820
1795553669
1285977309
154099888
345655525
729932495
1456771251
1965548983
95752520
1085601412
1456067358
1523535602
290904605
1392170302
623278553
278474753
1965819585
1705384282
1820368059
1523797003
1578664995
336460095
953257938
1062450887
329910644
1074039743
127470872
1063695543
1675983211
1508487317
145162196
1030040693
566021682
311213838
393243536
668441382
531077616
1020214469
878807219
1360436747
690931188
1117585031
208064698
1461273398
1381816955
846345557
1686656023
884110169
630110494
242092423
2072925094
2130831034
1941263323
1811449357
836483016
2087860034
660048573
1030534609
1335533342
1835319733
405535275
1914959160
882958052
449128445
110437323
986552776
934670055
256468639
809958417
944648676
834755364
1514180431
411272808
345226930
343962879
631331486
793561595
1795189277
1163107869
1571480273
1850018080
123951862
119482078
838662606
1146799457
789539125
1740724858
1941089328
1768733225
295277662
2111763127
283157369
1634375688
1514487295
1012976964
1291991399
1840900771
2118273621
630283446
1786457695
1349727035
1723951375
1039527708
1753289990
637657560
1923409962
107447360
429827311
259159825
2119734011
389057917
1387546222
887404667
1195458379
1185976632
1677478283
416055724
2069678748
1121733628
575560210
1082809323
1463118218
360745270
1573184200
504211061
542591821
1897368969
1830826424
323271022
1998959451
451185871
367939499
263982435
274516778
612779438
1169923253
160698744
1860144659
2062122194
796877804
361101875
1036341586
68530636
725137460
950694627
521177642
2086274951
1466108982
1455012782
355505190
2072377954
833558383
522935862
1854560633
1001987567
358857316
596919016
517988231
1989065800
185840628
1283756257
816634237
2124271881
1242569158
882074236
680428314
1209235949
2102175200
970782844
1890526609
993367816
1114245977
1301853651
1175570567
679277726
996910119
305581581
1805693239
995227807
627108370
524955740
388592053
602697152
86002890
1577179456
85682768
1778820663
506992403
1102927059
1158266640
1386074131
1620260126
1895488430
683664222
1451029813
169528820
404362363
306707907
1265484015
939180555
399844377
1421116873
1178715447
373178619
1434605157
603102718
1779997063
492488778
1439386027
2004929558
1425198421
655555939
942352041
1522389296
1080510506
1946154150
148115260
1572701233
382751074
270964633
1614056874
659402829
1528764799
1080556603
98070155
573774244
2136489769
393650041
1819086676
1019669000
1764321734
1684509882
753388417
1830741981
1823454130
1981144213
1070453343
1626274074
1292385819
377435298
403132275
1299747948
742385788
52744814
2132569994
1497686649
776783284
1886362504
1574530143
422605121
344688834
1967033528
1992255714
412842913
1113899808
37691984
1811580971
125822706
1809936056
698004378
762464507
1490958542
968088967
1811993456
999280618
579135218
1127336141
658892779
1898342963
952730431
126736878
432950067
354759448
998335963
803907305
535914358
670918131
1165989748
424066162
1518690292
1066895067
1060625829
1734406061
2130377014
535440367
201517937
36557193
721064542
1348981058
503175148
703249847
711860634
2082849123
1723800824
669556550
879838643
1651817607
1966964781
728769757
1893703362
944023637
929654738
339918484
642433025
985084494
1178549768
987193199
975449279
89779928
497132551
1059560567
1073541741
1497308901
1211389823
1364288375
1879282134
104130116
2128399392
1696277328
293734764
525163652
1234934581
1848369145
925430461
610697857
1547832171
1411795991
764527877
302499468
523834032
862822965
2008116956
1616601403
2135118903
46962592
1108711696
1407481034
1291435159
455238370
1608123533
460814636
1977253395
1111453657
1214813561
898178738
1732005621
1423637363
2054012252
1807774039
729017363
1856270600
1075058301
964404901
555221363
1720124243
632627784
222535752
598719243
635673358
735722730
346082606
375021473
191681834
784857087
2114237271
2017621969
1192389288
1375678051
405146686
504701741
2141518871
272778021
1038220772
996040062
1244715690
232922522
135502453
1421153833
1847462133
1383961741
209416345
1143872429
1636650308
1377245844
744724058
314244425
315477912
1318034814
1405696173
856302778
1271160127
1330817768
1763400095
