925235953
448305912
824355070
534352308
440295546
1941560138
1168596018
559567650
489829033
1674845927
280291094
274674584
744030130
1214751687
1948480021
528423237
1075729567
1539207196
1530846986
1885484393
1657742409
1776613927
718019858
1894604992
1859083395
1758409655
831956860
1252430984
39349079
17339200
1938407901
84126257
2011928168
457004180
885007169
2096966561
1731143286
1263848256
816702076
64069152
790333696
792215686
246650270
151146983
2018355716
1667200754
505853572
114909248
119924706
427003291
390758027
634987097
623846239
258645240
1173719904
1156582059
239046085
50988892
1221836531
1724934914
402454311
1147344655
846785674
922374440
201883329
1899832331
1190135026
2071872562
976332670
1025121104
171676624
1440894054
382661268
20308452
225935381
847204295
31081035
1261350251
639181199
1623420224
802252507
529271902
1950997917
10920041
968841074
1622931435
464100603
485070840
1415100756
1996024169
269061307
1527466183
383678237
1065454966
587512917
937453437
1940081186
2033864368
383994581
855675612
1908226038
1004179980
806221106
1584371879
1606034952
1623924438
1403189183
1470488366
1648280937
393792581
211440827
973184375
426326188
1505111738
1484173827
1767582731
1220867559
561553045
971055079
1485920346
1169393365
594055860
232864537
1745306827
2139482397
117631114
1556626369
165412708
758935726
1963480023
1769776046
901552403
52375105
290574345
2042453416
1999906711
1547631616
963939631
189677537
736738318
1502573125
1938649750
1240269705
703789083
1405888123
1471410434
931980161
434277299
1524610593
1150647946
2093495335
1462011269
992559085
808891921
500852304
808386564
1055198477
1315746909
1172965204
497833234
575097992
1055976661
504459330
2091688522
2007229123
2124107739
680392244
1858013162
745303840
1844591812
1038650814
808430684
1744685505
2021480816
115864448
388902495
1682463594
331352459
1238076379
1861275606
1920127365
336715615
349129664
1386431277
147640382
1549205587
644619428
1773446500
736060622
1904219907
1783451024
2022100666
1413683670
1935215869
665502548
1849279478
843034593
992437782
331397595
753971796
355965964
831305576
1419315354
35291147
1067552450
900682729
577174563
245275511
1794401439
1332930728
1467348694
1945064168
227410806
1462526630
1765550774
495820551
358860142
844634190
1940250201
455010783
2102604871
1276039314
1061342969
208927887
173274810
1357242788
986079657
1063837067
1035465215
305152334
1365538209
1509427594
1748287848
1742340335
1562364346
1440223504
1321322027
670387987
1128007413
1830896792
1753755965
1193785517
1490330165
1768536413
1347848537
924320755
389736205
52465861
576671519
1667800790
1984994740
576064619
2023915866
542128925
330948117
53254343
1062986586
253874717
1872216579
1871157372
1665927040
1588521495
463915146
1204771391
1003503576
1258460974
1396104289
1517175647
580761312
1596019203
916459387
463591668
1689653863
2078367215
716586428
100331944
401613457
573642972
1299114185
169015837
72695543
148647617
663731960
1177605626
414979051
1270237880
1827757927
997623701
278118873
1805746109
415829288
509175870
1239306441
634405637
849683354
1580817190
872913408
411464184
779304403
1216873707
1656089030
303726029
1529094969
498577857
889436995
1404008129
393259824
834286654
904269955
1840402676
1141107181
1506977474
200870041
204496096
1359091817
310483328
1839494623
172133750
262719858
956421934
1822709339
766035415
247209435
2093255237
1570582589
266995884
2059258324
1228811509
463631492
75629346
1957027156
1539460521
613755329
1634864517
1478648242
851628594
606290164
1351834488
1952579156
2082997138
336860818
1978250702
289339006
37833832
1603584424
1972484105
2036527692
1050883059
1954476825
140192621
1976640699
1187364804
1128220419
1615837631
793477345
402589189
1076628032
2146423199
392220733
707287647
233543177
863188607
280796201
1987649421
1478067124
142104127
1638857836
1233708923
969677470
501554791
334593260
211495962
17791523
2095950592
445607040
1710328515
84025802
1625344271
900400868
1585843269
672569726
52422319
1891503045
199074701
1966611447
52931274
1376482557
1060875505
21775672
157814388
1113660889
184670233
1894377265
2055107044
774065557
806651530
205342340
1020380943
1225340649
106055888
1662263652
876121058
1276157628
1294845000
1695548058
131198492
1646263287
115600263
1545831074
1496781511
514949749
507319146
166148338
926882641
936815382
1390808763
1159544666
1902125643
1896540915
1138170493
1611024774
81856957
533031851
1418790101
1667745
640914723
1487189724
232102037
1281360660
2089543945
428631726
461829989
994611308
1405233726
1362890121
271199376
525924698
2052888248
1894229734
1975771753
1239211987
1525420548
726467395
1208665176
1671848792
1581956967
600228144
1138341764
139525456
1064035223
1175750023
1409594398
1414693265
48621583
1310278841
114665800
665085181
131267091
550211394
639858081
1443859529
179461952
35713854
885759599
893846745
356268495
637314326
1878527847
1277307335
825955942
490389843
598002971
1401739011
1008352666
787782035
1424892929
21785748
2056086278
1445961368
1349418523
1487045629
1327885313
477075838
805022024
557996474
1567860734
1933444613
1946548263
1880886506
152204421
79921164
1851279268
1733359366
1516496586
1261262367
882807584
1700167119
1363916007
1592292135
696869185
855695686
1521957051
1843130688
1446966099
1795532757
1000605278
1021364136
1202700633
597518987
828321856
232334802
317877429
107406213
1517712093
388050330
2040787823
799621224
669917726
96198292
1040944677
984734474
107106896
1572480125
1930314384
1701419568
677861049
419896019
74765486
729832562
509956060
2065938304
826761361
500231995
1307321163
1502424754
2125235908
721826797
1991825188
799834566
309245269
1798452513
1945824041
1734527842
1604892548
185732620
880273792
732756642
1589859846
1900389885
1033177347
311611241
1451258358
233857538
800217925
297798106
988587097
472387243
54566947
988012255
928451660
2120836070
624064770
291628006
1115657677
1478337801
544953770
589349804
849781538
1144192751
81401022
360066609
1185784553
2080466489
919794135
1249154507
1218886845
1011865526
18611005
290876247
1571446402
208272605
779675969
1066118026
1093407822
854873719
800510266
1244245861
334804212
1437413209
29740570
1179275719
1056869678
380287311
192305324
291937308
693162854
386586133
985770348
302664756
138563105
1519332991
2053119490
1082172718
1340061449
426269112
2003188829
1131421075
1412498581
2140993191
592481641
1692507263
1684104279
270907757
1257253228
1242109945
1493192674
1663405835
1504538626
1852868196
189711957
179640609
1748239795
1057174799
1936872585
984277969
896717102
1510389223
119027155
163436482
713839141
1198503500
338524022
326470208
293555140
1012150528
2020976808
2058628481
1351965902
161582396
630735167
1046479619
564445015
1087659229
173377784
1894666768
227281432
1113099195
1469475172
1181746275
497184114
596898330
1335309424
1801464549
2076476930
193616954
757336463
1794559120
500006621
1672034569
1365123974
1380352373
1951260008
1874477561
1248590035
336690136
969732311
1734315500
2037037243
405455225
1568112448
1911595338
1486245615
1518499566
1097722459
171388213
612743130
231227179
596485592
1132679124
1596723082
33345828
53836125
268060620
1034642744
8127881
1153542171
1979690189
831323509
790281904
66369548
1061707592
1262701812
654847121
584266443
279413054
26514926
811077354
1313102351
1897458228
1414640181
814987139
716138949
236038211
1328231385
1669967500
409772490
836124748
1949279857
2112879394
1406857538
1738506056
1193302791
392901104
1792982424
600952509
1475791010
625773554
2132533010
2040012364
843787120
1123772245
822381839
703763559
963488912
1554166907
1433965536
869947425
1485700218
176222490
835440193
2090788382
937552396
1195471748
1983937651
943096489
838475825
1278208001
1425126135
704805604
805098544
1728250456
74693352
950077210
1794166415
1418298733
1437851126
636600369
1749014689
433382148
2038347771
479115835
515782835
1689179556
321636411
1959491115
276137679
408647318
215915581
770440356
1053541419
1660908045
305761856
668570605
788807473
1520048991
2112074076
1262461697
1663462956
1618822001
2088969527
1355969476
665815692
464048946
510045024
1571464783
1001805526
328092734
1940715595
1161512812
200612139
1839231394
585488873
378903581
136606834
47545023
1871769060
26006615
1574070821
1795576391
1981759860
1107097292
1594584757
1492878181
299422945
924547046
1516247707
320902905
467442837
1198329295
598778364
1012974337
1627470301
249787309
1112530168
1119612435
273040700
1155460587
1411533456
198256902
946447468
1853522355
1794775089
51110065
112330226
63369592
1480054753
192096715
1790393436
327659695
726150917
342796529
1954730778
1640374429
747726796
1531623623
393139959
625117259
1953001276
721260598
1917742130
596597143
726886871
46746323
206269501
1788507493
383297769
1190319455
790488337
162611442
1325099633
1929633899
913699884
650608201
1492413866
1796086548
2000557864
1679161806
441124405
457709548
660843513
891633399
483653604
792747513
699726531
1244243483
1390806309
166283223
79676246
1482239330
1609087497
1309176568
1695606855
179875549
1927323120
356425996
1650815404
1340417455
1600427475
1325993340
904315251
1471599720
538632494
787175695
17789791
711409266
555269000
1501646256
653525665
658507428
384191648
1302977607
1006759695
1911022836
152645942
91281091
1014610947
1011090761
1209173619
1207109689
328450771
985088367
17957365
844131622
570782440
1181599780
1897807995
200961488
974928253
1283121999
115021098
2120752331
595389174
167227216
803816314
1469619096
1416243162
271365490
1014476224
1911285608
1877071727
87915389
31760984
1826385918
1049194993
619461225
1280217454
1294465714
501380206
318574125
1096684905
1042051985
423360577
2023952564
554162166
690319010
2011957289
358019569
170098092
780221252
741010693
10338057
287138401
1045466035
924077102
1186966191
2036043785
1243730601
1148555633
827967630
852163141
751409441
164544167
1664273887
2064689296
1122709046
652368627
468322586
363534593
237581098
218291096
1964565193
1250608573
229352835
1888977013
577919351
468539133
1755392336
1001930269
779160264
1899342776
750482826
1491070871
73104290
498303725
1333978261
1261283759
1475309961
1785737103
198920934
841066999
369118985
1707237644
357848510
1859124061
81888588
557951612
1258411028
1204456042
1320504523
1867715171
1874619280
421921557
1674114849
1066571043
1945197492
1251504706
1932217339
426910721
1303384341
2087077082
817791788
1025854161
1485728455
1682038407
21925341
1157187137
1684583384
1326162444
2144174306
1194063040
