539516915
153793074
1736100478
229036815
669516199
1720991505
1493547074
802976822
363858410
28848389
683971054
27310658
802296466
1525972893
1449827322
30637596
1581818926
766633650
1544822994
457576431
101267267
1682422660
934643943
1161863892
1833289649
212449651
1182966240
915048735
475069493
1021550679
617473775
437103429
801506312
747249276
1942666302
1829389161
2118479012
956702781
1159376775
1423345538
413815206
1704410939
557641667
905350185
1395615951
1455139643
586698234
2056473092
514952228
1861715610
1640708409
530337739
859145270
1314607213
1567770530
1422805748
2050028668
2118686265
2077032093
219230463
1542613980
1500366667
1911663661
79917920
1174584136
275096502
339493725
1194608644
1754911877
1802789095
212946392
174436481
560173831
958676454
307045528
147818975
771027193
832889131
2011742647
1994886909
244861529
1802271259
1096850785
2051463074
983527487
1548697630
1858021355
2030304801
206859837
313624925
376673020
1373746600
1074660322
1984058141
1245101033
467942181
1308292185
309310899
558573855
39627476
1359441455
1680104995
862071993
1881138282
15854898
1341441881
415194674
168773591
1851332724
257199363
1062518068
1760834748
996294255
1314378249
480571279
294901353
1253060930
1032475818
375270469
2121229969
47998234
472214068
922191298
427667597
44061356
671595616
155411753
535641929
1333477342
1575305800
1493510345
2068529103
1040232581
181636869
1011152814
820101742
171827529
540946409
142343252
2053153926
1273548453
504394838
1491359863
747572467
1131506187
1344117049
727401478
242746644
1253424932
958788135
75032885
602101879
1076095797
1055345170
1625862065
1905558819
1369499805
1091589543
717605103
324806273
62476411
1951576392
418049950
1344595175
1502696556
2026669217
14773307
225153986
618353266
1060799977
562729154
1117964384
1324385520
1416935095
2111831426
1753011032
186478802
2051265662
794435850
1956357782
1181471689
222500519
1674675519
106222087
617477300
1356952649
1915132815
229662941
1118525466
1716472712
1422187072
1697382783
982317780
2094589063
475077858
364413457
1361532104
1467738635
1419794915
2038320027
1080198607
1947046317
1502797633
634791384
6631096
766037435
29452378
1378758046
1647089766
1375175341
221019871
1156024292
1376054036
484399679
997439719
1060633461
190732217
1875537455
1319208480
1315126064
1328035207
1120773269
1584487968
500321017
1344877965
435304410
2134983129
927729984
1306259068
763724886
884777515
192448300
1749623430
556389770
2044583316
1837726051
1112359266
605326583
793028354
335326072
1506592876
689020057
1228064713
1787953138
649282282
740945667
2095435440
1969039093
72535146
231339800
10182182
1660147088
418780999
429867363
326560658
1320937378
1934956874
95912212
1171972552
1089042025
1161601132
1515795096
1152661655
2121502121
943403449
1144360403
1373025151
1355204981
279557201
714416637
33102208
367511197
185371273
1436292374
692312077
850128820
934402862
1800970503
2128192288
541970620
314305769
882772055
224969831
1166719856
932353470
1985469574
1942809500
71968302
2082791599
883232778
674525682
1412157312
1653877629
4713955
1463362219
115363910
1895046798
1282388189
1040956102
1434478209
1792999658
1681003618
2085777878
1758585534
232000095
265738489
986578414
237879837
2144171461
268228191
610116793
1042915068
693515612
1061147968
1051855782
1373585989
1304644433
1006635666
805804352
2052046674
322103392
1054846607
1656510875
126624888
1219728019
488163661
1134721002
967076407
1838659112
127201019
1135574830
1820191484
631120528
1515341242
1513731081
339561872
1616778644
918343445
2105014705
1585736737
1198364306
1020825375
1888343040
1006854635
673383398
1242090280
540293287
912558467
666817636
1384790555
573112707
1393415616
1767419649
1341759607
1259991560
1882099526
1815812753
287175144
1205690842
1169629360
965420970
1699000961
10075770
130628441
1699583656
1903227289
1612592669
109657800
2133924810
990435391
1916927385
211709110
589136762
2016634203
1187300216
1354634172
444700842
425169250
1912734255
2146859677
567660378
851948469
49415016
280032814
1072158006
1563927447
1770948220
372192222
1180912219
1422503625
920525821
1077830374
114164794
1357258692
801663086
1805354510
15883413
1548922258
109486102
1739511832
1838689959
1891290954
1327934953
712559822
1788167265
1890553126
390895527
174708899
1976047054
917834051
1329910017
444680
396090519
282958324
464736245
290330446
23272867
1649799106
1456886843
326058035
541453014
482566404
865137623
1126943243
1154694907
1645024535
39886543
2043298700
228128188
1304062267
1109519351
243148086
1855717838
119310602
389816552
1596727133
1749197609
1352586390
948963087
1310785237
408715125
75058717
1232977889
1296691768
462462593
1698294123
882797100
1298110934
716664044
1691170509
512330377
484568122
916915942
746357677
944457966
509188437
400174353
593439439
221230432
934557258
1379820929
681471527
676881861
1482365909
779872994
1732695124
1465179863
1568244057
22162361
1607967677
751524405
174390916
1229831107
133215559
944151444
518274465
927512953
336099504
2140579602
415385721
1156893109
2107090059
1711098539
911833575
1983769454
390441944
716999876
1529331191
1892124063
804827967
179057125
1320053434
1681469767
1860001769
811379588
595237801
480698761
958822908
1193337340
618109363
372780019
873069745
339569565
1543207398
2020381403
704695827
2106778332
1108786358
1947653093
1931999317
1065495979
640833516
797400226
695590608
396666852
1356084525
276703059
803440793
1012875998
1385746213
92168651
1733409468
829869090
1190213457
740450418
779303959
1354542392
731868775
909410150
1325481172
248419994
1291819362
1538896827
798260100
198748106
1699429677
2128916195
776823253
2121320063
1785481963
1815385641
1855910640
1813706491
222848737
2062577751
531891569
1391568760
323580929
685804408
1722016516
1466564800
367988244
1773747384
2007173016
1599827420
1023753347
322862183
758012483
963816676
156714945
14549020
930798002
1898699510
469384024
1819645174
249124427
947129665
406404751
542481406
551384033
273295681
476482997
611035816
194039059
306171397
318144014
335507833
1869525570
1622556843
234264151
1521232578
1441963564
1480617454
1774806518
140702602
2127239722
1490170582
1370514627
426152074
316959746
1786134158
330810733
1987526993
907675498
440860498
648856714
1391289224
1142119706
1048325255
847617599
208390224
2051031436
447061988
1923806344
1849605575
162710867
818237390
1954877477
2139811498
592967957
1812290754
405538338
1463769620
1030666023
1399079916
331377665
1030735205
28519619
1560307924
342025349
326183486
1378319592
1724729400
1687908126
552059560
1649243855
1385154036
1004930028
1276015956
1638595077
1713645597
749250161
553223165
976372266
761753902
2108668120
311590378
1665201220
1371990874
1963981276
1722390671
737961920
1066653440
412759895
1557704787
729761031
669404733
981688168
1345737581
2050241465
1312395163
673462847
1377523943
259715721
1142751718
1063171720
648259013
753980085
1450730271
1508594289
37413439
1393242400
739685514
1529858906
747634985
952248077
1267897826
2112413208
81173364
1802718330
544727469
1837335014
862667213
1351091735
1201241258
2015274985
1172309603
359168226
509045350
410331487
239640774
997973344
788551918
1660956259
1903275499
1191742585
1455093150
438105951
128233036
206684145
311852312
1854247694
13796396
603365503
2124879953
43690796
1905808376
1844829068
713668805
947204541
1588512969
1265801865
997475786
521754871
2115100422
1712018925
405933314
2131812302
1890547495
501259722
1413056491
1086938394
1187844756
1827770891
864528529
670290790
280575147
1893033036
977141602
158168919
1256407521
246734166
71576610
562967223
540800767
375160885
1736584181
498601501
703361678
1877968120
634402458
642468667
1679538766
500008197
59899063
139827652
181044959
222319382
943601998
1561293048
1071406979
1243945172
871409743
924923853
1717006331
1536914446
666080328
995788219
853056141
1668738454
1989102904
1319134756
1548707879
324715448
2126576257
1778133087
711825566
1185784408
1642027515
377677408
1257256207
1737654951
659234341
1038519301
1344546406
1752009858
657571190
2089011455
400978429
919565159
1891935441
458028891
1929403996
1703897364
959700760
430481580
1933697567
1644388286
1771725784
1373301719
121691893
893908459
24862498
1216077179
1531562692
1778714092
349365369
762377467
2012645610
514945787
489791207
830427177
1244288415
1000893933
1140994090
393486224
704497014
889981843
705696012
1035195742
1016331010
773105331
1624433872
962402540
402805909
1403660190
1107186120
498280684
713421860
647752558
948277508
433321518
1532404550
1545446622
1556285220
108585231
429700443
419115206
1726437455
709206910
1166518730
1457190961
1817741628
1805095340
576548962
847649308
1298194285
729807696
1656115682
136787662
697717372
1496782740
404201108
1784960719
366903438
880903583
1423926548
281413510
738211812
517540800
2098565934
1889888114
410175376
2135547699
1952121573
1266449413
279734596
1048600212
183834000
160418584
364131910
1813498077
33333024
1176359439
558971263
175708957
1495335804
1244697739
385306803
1814159032
2069661709
1987517637
497790668
110973525
293927765
1724934030
1755705679
964097896
1240724666
554620384
2123356912
9711195
766774881
1402134047
169141568
1783835483
299146038
1364023026
1125383044
1697131966
1692105479
1529173433
425250978
181830668
1424281296
1078147754
359096885
527533745
1157263122
117580939
817584831
2024428349
1940465244
417506830
1443243262
1227993685
1744294379
1080899268
1586602583
1086468666
1287957101
773880255
1629132399
576528371
1330583266
1894716361
1465186777
939895066
1484295067
1897032506
721257961
678432833
791484261
481512314
1023339431
1951366655
495739071
1119815188
501630944
1019975834
1408628038
2026851186
1439270486
735030354
1093135666
519345467
1945863703
335007304
1397556473
1528208454
1335161067
1434256394
994537233
320599097
504748006
642259388
1675083731
281118402
877872926
769880292
1704162683
2107394162
547693175
218018257
85245516
751509809
2130427290
3926441
713375440
805610082
759808260
497827598
314554941
915129492
1336282682
1146816364
249601779
1070630625
550663451
807970530
1968937250
1286924775
277818446
1185105099
665611657
389832800
1919950553
1243741928
1536917081
1349742433
1961378003
667411756
1257405496
826202156
168836402
1843308579
1183049057
1918385
359722686
248349695
1773147368
1499207592
1626289703
7311936
876397595
275744068
234741553
1750420479
92274693
1235743124
1083401997
640657112
1538110732
1325525883
1647089092
48223858
480711354
384561994
1770126540
319642797
