462236590
2008723069
1560116848
1865650894
654392334
1696005575
1272149156
1143204515
1413040716
153401438
742257712
1870077855
901561701
111207997
1005384792
1601636035
927956427
1213052343
2025585010
1030069058
1379984996
485418319
1933378229
1038544104
745636779
1171042614
1447772969
129714983
1903846133
176021090
570636222
667735744
571134926
32054599
1334103161
1583105035
1857920386
1559731764
1597858505
634075106
2138360503
1995854157
2017635064
2092910896
249253175
935390241
295985853
968839441
756931532
472477415
631909102
1184715686
2036370500
188777306
64210514
1218046841
2097990548
2127474478
1145385876
735232391
518747673
269743149
53294164
735853550
1345909241
123934707
1942745944
2029989172
396185000
1325886786
1781046240
471199281
189826183
1270323459
56611863
1594944667
2094214055
1682271450
2078420133
341923884
1202055339
1860342116
538490721
881408114
493761738
634608144
2144802596
1903875379
723324404
56933527
48593593
535165818
739530764
1661994521
434246896
1706051906
1947324500
730236886
702596050
2067679678
720540903
344528261
1806219502
1703267395
206594655
1335021396
744166610
1438547923
1621739926
152850813
566921110
1871478087
1616428938
825492354
2147166354
5311000
237963610
1727652101
675469103
76053962
1179002477
1725478470
276141787
258003957
1837660850
884763193
1586395158
1268978929
1909693185
1638174787
1518125226
742547229
896515488
275520401
1162224887
956693196
1226207458
202550805
1302987884
1970307789
1979898347
1071750430
1140767506
467454870
1739054478
1326343571
272710210
90821388
516732247
1604184524
1331706487
995730162
1008112292
1592226574
1523546174
77311979
1586369006
583798944
1686408778
553246509
1838768166
421957262
12983972
1801977028
1364202554
1489100282
2144279807
1491602560
505142966
2011654425
1582509097
1307737981
426332551
1106537681
1787699358
1341651021
652091868
788337133
1255660087
872605636
205415973
670408699
1943455488
156888159
469791293
1791345603
1518240038
468221521
195498916
699368292
1714231823
750916140
896798693
1613961740
680576132
1475116073
2030102295
1051891027
1286123529
1751186964
837418110
1764470325
391055182
2055211478
1729652561
436991914
1600594878
1353343648
1652084118
1208687844
1764370484
2113070770
1278331690
1320716581
943543501
1250356165
1272088285
1621455674
1382057432
1092597787
1973041081
1701439127
1035497450
590234145
738425955
1020462096
555698959
1394278589
1649051291
1962038322
60800795
1132869178
970144990
237610300
1567163166
1553055694
1917097003
1145867965
893927925
1803817924
486573026
237524171
1226995197
1042593866
74716615
114590941
1999310307
346889433
1823552550
565855814
1942408343
934109244
754710545
1625684047
172979807
24325440
1938774469
2090227695
610532616
486111223
569984299
347473705
1564081463
432702888
254555258
748679170
799047389
1093290326
1424265977
2094832926
456198857
66436843
979519970
1963868662
1722500951
1518636802
1792735586
1403178168
868773446
1797580110
814710718
884931516
655822247
756941737
1714917519
868946078
1103406578
472169405
429932078
985225980
851564339
1265998153
1476818730
1093170381
696708961
184231697
1426364918
1736878684
1510591439
816011365
1476026528
2096736225
1012080572
1928184139
1137215164
1235560122
699421189
1617749835
1303227231
1939665995
652231674
353342680
1613238599
117066863
955020109
371964246
1175977752
785523097
1858406694
538116044
51945921
1556712588
1666025556
1544676904
608269053
694107571
1131474079
113033001
1851803126
1263823389
758066489
687515885
1952201732
1720536601
1820537939
2029330967
200541074
568917866
1218411979
1536395164
76407585
1234299176
678473474
1444177195
1366700646
331606835
733518284
374022711
651232143
1452980052
1535720577
1168586146
1489886884
1170908657
1754165552
538094087
595104008
684711021
9313779
780688548
82850590
1623408410
2045892702
43974882
1811785224
507660508
1630146065
46961283
1947528074
592347739
2137646189
662077543
165730829
73069284
901521763
1235057147
246337216
847873245
1843695464
834169151
361242585
1828714467
1762029189
1992344433
882979065
2145098370
163554442
1126890075
891431854
1178903952
1567719010
2049472566
1615560210
102085414
300610690
1069363258
1001939344
1410951996
917865596
9006531
287558598
1604853728
1527042480
2068392993
2092452742
1158722323
1406820129
546627836
1840870391
1263779904
879875173
168051554
1214093273
1223533402
1386176439
655505775
1327019750
475764624
1351673639
749319832
1233493843
1364314032
645651184
1588982932
1302881654
1323026966
206346986
101519591
630551425
2055119438
42565910
254982412
1908052844
143327822
1500169047
1885417278
1262187761
62924105
248086080
27365859
1479102897
835403313
974871304
1696657302
1291153780
1018500044
508912282
519983567
1836609678
177144946
728215497
2066122801
2019838556
1581927264
1563218593
940908144
1477790190
708313532
256038617
52332253
328606399
1809708326
829488996
886973328
1148031903
959712759
505178406
1126398001
1167070642
1923063577
1425991364
1273261667
62273937
1723701635
586581908
1055864525
796947598
1256340815
2037996468
2029318341
1348157460
616858233
1142957878
1521410715
539135277
1622479670
435410553
888319104
288468510
262427119
1574217107
2066120722
318568493
2126021849
1921977578
1867318917
514097027
384622898
2065802466
242302831
1497591595
532926489
1870156464
2083865135
1530240826
2254602
1150562381
625699835
1514482441
1771089398
1104986503
290464902
1657530782
872017147
1263413297
1970471754
1299237417
608295877
713107835
88129399
711407274
1916218496
1782904412
1112274040
672579248
1211731065
1859111211
1426679070
603155515
133223504
243960398
1100285803
892552387
357876188
1447874057
1960821501
1477679186
2006988187
312581496
513436694
1839784140
339774932
2072157336
682698052
1776161615
704731467
2013151103
1056108977
729048501
1681800096
748085420
187949577
513976886
979926341
754166393
1618273795
981697323
1296785690
215573933
151186575
1307824365
1087502759
879779630
279944346
368499676
943904757
566081235
1742770305
206298235
529632777
1879673176
1524014608
1354277817
1814798078
1926268779
2027771189
1959216459
1378227902
2079763427
1504411461
1014023732
1099604829
1700389648
1321208042
747434342
106342930
2143196461
529752233
1509921922
1647079890
24978930
1085010956
345867964
1750998411
225876806
530912624
2059926490
628871162
1472707858
597832813
484623707
2122969897
613752881
1864168157
976372660
656031113
1262464643
2082160779
1299704246
944877223
746085921
1464027002
451957771
1460624782
354609578
1939182287
1631852255
1888195258
1038252988
1148353116
464290715
2021935028
1822973823
479624393
924829900
302237263
1506535515
663343713
49016354
1302315389
1446240969
37364342
1826508437
1364910542
923598919
1538909554
1913475746
213409671
982372453
655334780
699681971
112256091
528480509
322416579
57506205
749833929
131039104
1906198634
1939097411
490836241
1750865258
839078672
1339695960
469272020
1121286615
328282619
1698313281
1320629319
1756045872
1452244448
865893912
255204883
422083582
992327761
952047053
1939394765
1809463775
481721027
193209447
1114281229
812531093
1427786811
1554881640
433632557
2105987388
1745479573
1719378767
1221080480
563282324
1341807729
800117047
1311275244
248056700
925504698
1347389597
1564600645
1123872384
809789652
152422463
341270984
1549555337
712117346
1718679839
258126160
507129523
1468480945
1652120231
1855992057
673664828
82133444
1469894374
631441455
716888215
657676028
1226500344
191584369
1204022688
2129389668
1131429764
537995944
675782379
578644887
862791007
1017813022
1019803957
1191899982
655624783
1807829277
956713212
1632575626
1906173418
999490341
45466923
90487898
541535900
286957768
603779821
149087306
770571974
1864002854
2038510754
594498408
1345464836
1958116609
1982141935
357036532
1406280839
1933393788
1391265520
2045605283
193707681
606478453
155146377
162233488
989189728
2058466939
735996890
1540828352
1303920977
496277102
1287202512
467927632
492392550
1414366898
35446744
1031738941
279736306
182021135
102044335
576440272
769885648
1627580969
33050709
1944146596
998035364
103895446
459734048
1914141525
383853369
519706017
913803245
950607047
1302500106
812753819
1536491889
1966473232
1040816348
434902488
2043667117
1142556931
1159661704
640408653
489568128
283533658
1707289815
277091524
453462614
1722412159
2043056261
987098297
1976052223
1953558007
561976680
1915487957
146897562
414739564
1209801642
1319927300
955524016
563116885
354851634
4833333
1884917085
2003907908
1782984994
363076269
1593654952
1761136843
498221945
1502704137
596168436
444979724
1170635991
996032462
1757428880
881277660
1260651105
95588270
1039915625
386685844
1086121403
2042058330
1326327519
1262110324
37582130
994319358
1867972020
1617909683
1637821436
1965200478
153794337
1101898791
778773654
292904587
2102060547
150790285
275648333
61392449
924288818
74920822
578670297
447217888
75142131
675347407
1217461539
1761542149
24971651
1482831371
552253992
79205317
907253715
1710803439
1721845493
197801606
1243760980
1327868665
40636114
1331330169
1259967976
1426806126
2106450043
902086839
1426354935
97702399
335165833
1888242167
629543587
1788152343
1117824496
303743210
591340563
215537348
188175777
1523151411
444434156
1907545151
672016976
1391621638
1310098398
404399129
1518706512
1212053340
670743642
1700390916
702090650
817198288
1234445154
137617212
1008856556
1910797594
1668379000
371798160
552721166
1397737765
323462584
78252817
2109421104
1896420814
1040795138
1925277525
614231919
658112315
1927032911
963040104
1814041718
1969745878
1311895333
768660305
440657729
633541861
391357221
1484292156
951803645
966413000
628208578
1436528713
268834059
833573582
81303820
1135972592
1354285092
859983027
1416573098
1032470030
1583316886
1457589690
1949839334
947945361
1607096493
1677102947
509043939
1517647805
1367402541
2103463882
1983158505
42511384
514353659
1804803484
2145453537
1743483640
1123506395
1974888886
1644261596
419786663
394528851
204789852
357440461
1412196144
409975471
775056402
1331355735
478697417
952489246
868500506
367846849
237067484
209646586
1582008459
432571399
1914931636
1620164901
1452588555
179897866
1623033025
2054655630
116808489
733813991
859917703
27842259
1916606809
417199716
201013033
511043073
1281497997
358877318
1479131534
476187766
1869522028
805028929
1145150253
1458298344
1731376689
1007518023
1708373371
76750462
1294964259
657396994
765457902
1964318748
955043244
1011525276
2117971372
1331851708
125690649
1392341563
1223401941
232579831
1894294509
1776962891
2100039274
