880709949
2048983693
497073998
1719877919
2026248940
88928537
589394087
2135599908
667338353
1721806747
1447638965
1764088616
1189158608
452319775
1311762886
1175455218
1351573028
1111266192
848900893
1306684993
727224612
784363539
1037122374
1820329909
1383805127
422275841
426114187
979902045
236745732
720896639
1400987775
1549249758
2031860659
1555772091
1637307319
288467772
1912445583
1363192516
131867289
1147224136
551033692
1165964550
917147980
2062376870
1709311781
1569779041
1019625679
690224762
492899743
1069186790
2120094502
2126227631
38719914
566641454
1979408558
2049761507
256572405
908836182
1363538066
510743794
1165006272
1799981722
1154598486
653103390
1418137021
251626125
791344784
78281688
1542154512
1574461682
488953015
818840622
496255606
38662971
1932848148
1595608272
81484161
1546150811
913790421
1857109440
862032897
422108106
721493568
2754198
1133409151
414800213
226396933
549436269
536486115
534719903
1457927340
1468290670
2040614965
2127250296
258409773
302385142
909401728
633005143
1086737822
972316519
1346841554
1292719927
1900299527
1475540616
1656574817
1209946892
32531025
1298868634
128353224
2033901281
859579229
1182598648
1123604846
2122701200
2142368562
1053309289
1465072904
1165689629
1344209230
1783131142
877652020
1754464687
425327645
730664642
51335750
1442348075
524140680
1221281947
1755703072
1055261806
2039361700
1648970844
588974650
247868199
2003731339
1225589004
181274562
2066397008
2012446792
1227654903
1602074077
264608583
793851372
2117976918
536455179
324919693
927654589
1523235997
30406312
1172597529
671407246
402862434
423148686
1072691546
792947754
1036022757
1227918552
1051041224
614378986
2063021120
1917141698
873089318
409119078
75727660
1479323052
881579094
1238626888
1987442541
1223867197
1926986968
998523964
525172699
1686430116
681144033
1046981635
863505423
180005882
74487572
1972498343
2058147238
81226436
1320916447
101517257
1389737013
738142868
943672949
1395956758
703169993
274281166
412429155
1435473112
1072715289
1455189640
1663488721
2136994729
1426755147
15090059
1136567384
1211254082
2136938335
478309239
441186938
1522081393
1860761916
668121858
2117061058
190199337
937140309
2041541472
1406523257
1895419571
2019398648
1241867711
1965580802
1184514051
1582040883
1577378026
305116371
613455141
1245072995
1610922253
2022490640
1002720982
1281811290
2026817944
1310030790
1340046639
138428972
1119843132
1179338432
1390772860
470714518
888649746
927957258
1184493867
2085839372
2113517531
251639296
71964384
1746954846
595684962
463649297
283305638
686608646
1432860158
1453950998
1390810175
236300048
150712371
1327127113
1827426972
1736761766
1100928632
2045384931
1326434152
980532023
1555174676
1349507158
452519358
1601027396
1176924706
1507836196
1652097532
1822186695
1181344435
402021210
851513519
245871424
34672658
2119358381
1937253037
895712861
162066210
118394927
1079791682
2126000197
1084697572
1602853550
1053943170
1040349825
1402899221
1237837482
703578558
338713991
399279092
2125988080
475331601
606824165
182940706
737425111
1719861018
808478726
1307111329
2107667222
1001942468
1781501860
243650303
1720897089
1501315904
399798219
1363000716
60452062
1145946132
553917062
1132865990
1108862248
895800909
1175985960
2125502934
1876166239
590866128
209703480
1726645811
364215242
464961999
1901980154
1312095333
507733323
955776087
1355749782
1402235876
728407965
1184156933
644281576
924655391
1583158828
4243929
985335523
1241973400
1681791120
1684914466
1730716834
1052474412
675564968
891414425
1795204877
1241134192
531201615
1823208842
1015862564
668849207
516559294
1958485293
395667691
869783601
1691989374
397550611
516536562
566934702
36719367
1120856508
878030976
844882816
470406394
1267107141
10379356
562738685
1631960568
1536248894
658149943
1521526051
1239249693
967652506
643885241
1080412631
336587805
895886272
852735526
58722118
910121721
433249470
1114330029
245281132
1557650781
387800989
2086822733
160618931
870951321
1611181007
353633892
1100252083
1913573690
747829189
26391254
313992216
1566331717
74616733
117371094
9694113
757061647
211594489
1953491796
1573290053
262607036
1835579883
1630821635
1405150832
669209682
811045132
1255212038
1355119723
856405113
1278045356
1728734774
1554123225
873030609
1829132067
1494896658
1010107741
2099111920
1064832582
713955396
133583449
1299198198
382823413
248598988
885971154
1202016463
1446413778
2092512971
1419671919
1912286213
198825484
1579136494
1929772960
1529290303
403038041
1466018933
461558748
656419931
70245890
2114090719
1506037762
597425699
134428696
258974260
2021570529
1728018862
610172612
293742575
469628883
829913686
699790012
42417797
209349508
880524625
1969003986
1290889366
1926500048
684047854
1727280038
1274219695
1291623115
795269998
232065916
1959690170
1948201178
1405403773
1354933544
1497107459
1973179902
796439627
1708542758
142941927
1532698673
1979573580
340820934
2004641563
1943836649
778358152
2132484996
367873430
2097967033
948233375
542175862
656003868
1310348311
520348509
1094514398
285506665
651769144
396444918
1578276575
741644022
307629335
958816734
574677837
503169130
1554891669
499588679
215383453
1857567392
1237447355
1061471800
1896917755
40253009
895905051
1868845383
1023886971
1301995102
1109231700
1424156659
1485857895
1824165309
261574067
916923552
470915255
225982973
906482422
572205615
1998713502
1886043255
1898650925
1577273913
952033089
55919635
2039549882
979801321
797394307
1994971572
582093175
1004162163
588467451
150569281
1349841398
173463093
624189959
2097160529
2035914979
1498178408
1238378746
686488434
2005297542
1905732483
658649712
1045503767
1218876517
1507242540
987456195
1153032475
854978823
606679771
575872662
1869611510
522844626
956558350
1928162958
1088998523
1597727766
2004001827
182086689
1505892171
1066006051
387211733
872835462
2120135386
311188884
1565586005
240608972
316108315
962062255
623015684
1766557191
435125195
1357389284
17290443
993349797
597533271
457992307
1827176216
1913503710
254296171
753006891
1065334901
874584650
1114165273
1923244109
804061894
1155192972
1949053602
1802718607
233380127
1824908076
1164947171
694820668
1836739904
916036483
286207070
1631453560
1333379758
1526809039
704107748
1473085346
1181163887
1355967078
364570333
1137215954
479787617
2025870344
1997480500
1113460866
1901262647
90509645
638310881
291272776
326078481
1742116669
1632588820
161892289
1100947639
890036990
1551024891
2119209354
1936775027
37718184
1741209648
2102836328
1728411528
1765023029
1074255042
111635335
51480914
509349268
684799966
394815712
55849467
1354208476
2073857563
1460376499
276925655
1339859869
1746146143
1521284404
2138243165
39561811
1744386416
944913730
1138600131
1932089588
769680667
652609874
678859317
1054049705
873665531
80574314
1928207537
1513655449
173167846
429696842
287802242
1734056672
581442810
1859578789
874979926
2128967326
1570022207
743542156
2080485886
487093804
1968016633
68953068
272651971
804747370
286741645
230662446
760281695
708660
832435469
1632983292
1733823391
1126905075
1815643234
445210660
1957715347
1296689743
1976829461
1982843029
1748467822
1873703170
561799354
1758092165
13667841
601174728
247398393
156537781
1441596367
295680883
1477528890
201701836
671802572
181285146
1906165996
1620387040
1234238647
943906161
1341992563
218808596
1004912401
1670101557
554544300
157687387
598399928
96146110
1307630878
193489243
1028604709
1255632054
1557775294
972148844
2051732543
272370152
1046397278
489223871
1525911001
122058034
1226310324
590034844
2123251151
566406293
1980864003
1076796355
179521464
30317163
2040590696
1349157620
367066440
1686548408
555766723
497689482
1256170053
1759023512
59705920
1497113155
955602468
1064692696
1337738369
1636082715
662748480
87071393
1595064682
908811349
335725494
1596620112
586563208
481638555
59470815
1935041633
8926239
2037476669
1636006507
619490441
1647839182
2015085461
1569427990
1657616610
542867425
9579659
172273930
1987157569
1020191027
1956231477
1390899665
808284579
770228670
1812937622
993972725
774360006
696531393
253882759
75628599
634926037
1646574988
1182448564
1531614312
889340731
954305003
1570276029
857746150
1783526553
1400581421
1146260604
409468343
466857938
1163679440
461087590
1905702203
575423811
1290778570
1781338634
636242577
1533684240
927423862
594449591
644183433
266954650
2133758234
786465595
982237249
935120909
285599249
2095027397
1174731358
2132814357
1792655514
1533919212
1725195753
463218096
715013947
1931598025
852203459
456887326
536875219
2056761150
2051974598
527842550
1785225531
494178138
116317306
1473096275
524986008
506471893
1595463281
1323279915
1664465217
1435495094
952528704
1794077375
1309556807
407065620
426945562
632432686
250551461
1416704760
152392714
1839898917
118299909
40549474
1917686221
649216177
1598415917
188670051
2126420297
311362357
1582730244
229683559
1100409518
1523346551
347418437
1346223509
1525312808
26477780
793846719
428694607
1318140734
2031826836
917524294
502272468
1816173258
1267172440
10264890
2024164101
1378957973
1829180848
645618353
1821889349
2004709262
241888969
840462148
370771577
1360251815
1760625220
415950963
477421870
256247885
1329570849
1174132150
1581068506
1078058626
821618906
1223160609
2033731131
750847640
1021551500
1720504498
1641851868
966211979
1251005776
1924457530
356876982
639151612
46104489
245534694
589055731
1782655686
1118694421
261146474
360373966
1068198207
153524934
1942003145
1464628630
1600790797
1166551659
1958061507
72991952
139442082
2087365415
2100801242
689278332
1657220437
1341779619
1213139203
1703420784
2024833566
851674943
878254310
713362657
979135470
1404061795
1294313170
147052545
1768347817
206322164
778695233
782592194
1416451521
1014829283
1130181634
92348600
1662392176
796286687
2040715529
778658588
841873810
1580976938
258039759
1452087020
258962460
259311241
321479271
752085296
1097473341
1876577365
2126444319
1059926360
698479375
2034131631
1552953807
1113946562
1190610682
1496722385
1564880833
2035600983
945538214
1995078271
1812641852
267916117
23506586
1050672027
460528559
648660519
455215734
809969368
1797364599
1431480944
1158420169
1576355975
163136589
472974630
140772496
178984589
72664399
1205675995
953932
2120376950
586116521
1654402584
21931710
690199202
548936416
167636706
1457002818
1694297245
179863995
726746206
2080740805
289405581
1798822862
1271524240
1591296613
1971860932
1130800036
73752127
344362148
534450294
936487304
701507829
1731564615
1607751812
829778672
