1138974498
2015111633
610545014
162477703
1323954016
1015937687
2001281928
1230522070
1960294866
1994728576
1749566939
61840782
840460965
1723730779
323865036
1056573812
112868024
848619997
456942946
327966953
26794072
83966005
475945697
1022008085
435083812
1093837390
340421499
543625648
1752710672
647292833
851444518
198694252
37131909
1312530100
312545161
1915526914
1544529828
1267496498
686101520
697206488
2047432363
1278094760
675818783
1742425420
49409393
455876570
1555158114
425762208
133288971
606197952
1006262339
1733842306
250872465
1388302624
1341331573
913144630
1092914426
11667913
377797037
975318114
270060324
2038620265
964141681
48852854
1655357169
1428166668
992883465
1187803574
1447656075
63811377
626870929
1445026789
748316871
422690186
1506200368
1204979599
1810069927
1096692561
474148707
1704427252
16012538
1576072258
2082497139
1156436364
189060382
942696505
774909445
1949722427
31534054
1595030376
668053200
750558227
765473686
1727768628
656663145
1966542528
1227263499
140919981
138707002
2032577428
1904301048
1477045672
542797713
653729328
1422734922
240912763
1412451540
1233941451
462099373
1857944661
310169555
345790498
1796285480
876103735
79824182
1382938364
1545075940
1874686611
34172181
201469017
30723594
709323135
466759846
1792429367
1350982858
1834205846
1483194641
1745777408
602954615
300862828
564810080
1551422355
1729683919
2135102379
2033696146
371871725
1624631129
757235919
838504655
1812792180
1618264551
2128087930
613285045
2017213920
153340475
174348916
1656796112
1410724294
568748230
1706393411
1005435177
857752003
1423830155
504463459
117528309
618821185
1739959843
1735200035
150048366
473646569
237445337
761484572
1247048383
691206821
653431797
1805229390
833880345
1332125008
2104722966
925420760
1634084835
261222909
306416824
802212692
405327630
17870561
441250262
568142541
246207366
755759070
1029589417
241186653
1991772100
1594869932
1843552910
1717642856
28666752
915707814
1190400261
812367727
629927044
1162091311
582711765
842758289
579281564
1258601407
1090165838
1335992485
287479978
835050638
1862860455
333828332
700404950
406832347
1130004101
492404854
198472162
1056740313
1563125661
793457428
2032581531
1252804919
757863024
1788042742
1226858603
2023525450
1881697589
943504352
2141252108
1322089434
348909781
1173056269
2058276695
589787270
1072210960
71421600
242684219
963263444
1194323645
1916259779
874280137
70061529
1798709038
1825090143
1696533611
1800326017
2063967153
1512393078
1807606325
1680424828
596974131
1985767200
1539290451
978726854
71530496
2059915296
598531234
1635516880
556772262
1092967202
2077458524
302528336
1626684151
682883987
2140175595
1050193314
2066579244
714663965
23748830
448342489
1747796262
282488510
1219565561
472472423
854628304
1071493252
783021414
112729956
941820577
1742610151
587788042
176385662
919607870
738800834
240843763
699989886
950563132
1622050032
2065868781
208291955
990519043
754702463
960171572
2001152125
591290062
1005500052
2109115715
129836088
96832718
1296060379
1834591691
1907211970
36834158
275408808
924292799
927799659
756873906
687043759
1163618444
1935844344
2085340089
1301926748
1235302758
2075674516
1280023137
1599701968
554613950
295769684
179844873
1866829177
2138505168
1741105509
1597319793
40223309
1470408024
528545749
1660243390
1658534819
1426516580
392761338
1101131931
1494846126
386983493
360168834
1856735097
1017656982
1994364831
1192019481
1101511670
557826613
1664250016
1372587697
528277852
214897515
244003917
1001544561
1255731008
682210846
2055542520
1262804028
1156727883
1768756433
524301262
1521686492
1777505045
364011744
2101184909
1737332683
1188068141
486835285
475582546
1390188190
1189244981
174921578
248552080
877097743
1178448170
1440805788
1352815389
1864108453
891171266
1971625577
1225181798
1095352066
742422510
885679526
515187907
362194120
543461247
1601152895
987569125
1343341353
339826149
788291595
396797292
346829067
1713471506
1379907210
1418997909
1955808468
1297603708
1626727487
1585827089
838911959
432960322
502230756
225357041
542815834
1565279846
760697039
1278448572
1984607811
1153930296
850741407
1052763299
1636699743
72785364
1419979426
1212686796
1799456847
1747915714
377466311
587976394
1677281040
952396475
408342074
1356187694
1873493029
1637317259
442466210
521749047
2062779747
1842211090
1970276595
872071332
1747230041
1364067172
1749418992
1979152810
663349338
956548880
269785665
189969922
1776404520
1128136062
1226521132
1209524249
788332606
232680305
196123891
444142699
121885882
562443949
517052618
1086137578
1782443493
1326957490
1082185844
1189945752
616606304
1643736486
2109485689
471898164
2142775790
1637390928
152959494
2026429712
792328920
1843579968
336348001
1003409153
894759937
1021474061
1077786119
1356572785
864052614
1971808695
637216355
1306300303
2034592273
687799083
2021577005
1104787365
828359355
922604772
1355133533
515179913
616581019
1914561454
2109018571
1064388909
322017008
974431877
104726373
73547346
1417694438
1445620637
1221204236
1597417049
1972547081
555817851
1180210187
1834020154
2138066499
1354847296
1021846580
1954016141
1635311251
1890498310
62519961
2075162566
881978189
772827491
1178842596
1630115966
1166406919
371780875
1542045268
967854572
499904039
1967689618
1215899476
188541042
1511311111
2142753870
1534054586
1509651028
233657026
1198217818
873669017
517010051
773680798
1168695480
1774278339
586385048
2094134806
1063070350
409927390
47157724
1638772098
937207185
813817377
306958212
1698032997
876926079
416551852
648484346
223508563
399679430
1564342914
2043002198
2086962557
2002898498
1362288676
351386347
74426843
1644955684
2086947530
1290773502
881846772
1117906414
1889610048
2147215762
52616781
1201581466
1608640092
317112159
1732146284
224362458
491256344
1245331424
1861121671
1525733243
191312464
1849524107
1708827598
1624333539
387484953
1574986012
470401874
2025271225
2079989435
1883708683
51559312
232056995
71114061
2078903836
131291294
544060714
1343933420
1948874005
1884621553
1373376443
1541054359
67372425
729974985
1034204615
1499436970
154545619
123067449
149397001
22569973
334507039
1893009366
1436209383
2014155385
53224098
1210846204
2123834610
1409457854
1040481513
1830139576
582812040
1288854740
438442063
2033272917
1215785369
1014815204
2074558857
1434031750
1640345734
1281649777
452704603
1853028397
1339579173
454643249
1773081197
577758150
1918095073
342800770
74046008
186698355
1368625407
1741300875
1236999963
237132196
1861416955
147641328
194446730
268823906
508317969
1442946865
884227686
84057401
112040919
1002201248
1723945063
1052372416
1305615879
1685465853
1606928053
1038209222
744632667
1934163631
1663202966
1104559643
1684983185
1784633505
1313680962
28266232
506753166
1104647351
916930259
656238092
420030111
1902165484
1210544984
832278051
1502844122
525731338
756492041
153147765
2133133219
2096611076
1834175636
1425812361
1181656906
1010061299
1131239574
1251112900
1340740818
1172389803
1148395813
1726881426
1045418189
1726746362
2068046986
2114892592
1769598563
1770798205
726255884
1045632019
305640561
1350265886
726812647
1103912952
1543433933
458116141
490018140
1097265545
1412551080
1138258458
1361065954
2000628649
2147250445
112134349
1423515770
550142044
1874521734
117410
1798157856
1398389846
428449501
1203724548
1666016861
343949599
103975424
1408361381
703687930
1287419871
2017445630
672256343
1883022543
133719756
313546286
1599700106
1361990585
1774056236
1405434734
747144547
1938326441
1223227913
179747465
1923521397
1916902105
1624902001
1493022642
1909350686
1512178970
659498087
123428397
1954343552
992600138
1656003434
1946767117
1525674523
753384929
60203935
2090777112
1919188228
1831381930
1031599773
1599791814
791234756
2038093198
176448725
583775080
370408656
687813259
1444865180
1615798374
1906162080
1780207300
1428244439
2010660257
542850925
501703859
877552194
1573718007
2135852684
717231994
1300367965
618661092
1179861858
1267351638
320536307
630782533
1430614019
1857118516
401169224
502407224
1561892204
1851027038
274195422
1092833056
1250438744
589807950
1382094308
9096133
603266498
1487546019
835027772
716927896
118084345
409966897
1132963111
120728340
880694617
1788566579
126480272
137400383
309268907
743196315
200183538
1591284560
734847771
215560586
941939430
1208530794
2065330642
1164483548
470230860
1152179590
2140315952
181253338
984366614
446143344
1335191463
952508435
322595756
289095912
628361783
1658250308
1891543039
1079889129
1913345409
2134644596
1130956334
937374982
984223371
583399965
842544334
188317935
791377167
1916228484
1588623578
1200610323
898716032
702808362
827796791
940695392
2003216538
470535003
1408397537
608859429
1517014692
819769571
1721585080
1925568793
589182021
21560288
289096161
2121291381
809101056
1125159347
1884992986
1715963452
1207459662
631377936
1237616926
2140270491
170907223
1676634421
40861553
787287146
1462762828
1880805688
2012281033
977261522
1710002276
1847324280
661716441
1562381577
39051120
2001362741
574507835
614124601
1580664349
1362740796
754951480
1924438912
1032531398
665104571
1825201719
1132196368
1168560884
778487603
565877185
1699789685
605268083
584833931
933787181
774754551
607998481
1921025600
1272833773
879585045
89051382
680142010
1961077107
953127218
1318329243
1886857914
1949851329
161094988
1985149801
1299568880
2141942668
1570449894
484829678
621709994
1237721356
634124296
1838499774
1071639718
281505891
1801952093
1809245924
948866824
2128399015
245451386
736199428
1416520807
1930379150
299905342
142696718
33808385
292965557
44222292
125104289
409175311
1430491021
436849877
1961617658
1121048884
1959226338
866856715
330365847
720555022
88428809
1942959953
296605292
142001647
183429030
582911510
427478977
681881510
55054871
1064139776
757544358
495150454
170543489
951702316
1643961108
14296872
842826101
465128084
1079057570
837203772
161307710
1533306250
1998534368
513866555
1968183753
1213620577
1019963476
1708068648
106515249
1183556394
850131215
1663688213
1224668391
354025372
1064100330
696349137
972056955
1559387917
1052011874
156322751
1490339593
636575645
1044040717
1873295554
411279682
1962719090
124532408
650916436
966394390
1153775901
1615648800
2126118582
1020693243
1495366683
273635401
547971650
1246372061
1358121848
432178045
1094308828
1838623906
1279925390
604514020
234407559
1288706648
1444343788
1703861437
1269938707
1067868414
1584012882
1881809463
747201780
170261740
1912189912
176140526
1785227567
634250976
1035410221
1266071045
953099885
1276424613
