64747972
1463970750
102505238
629127743
159381839
868726755
831104583
2117526364
1974557021
896478416
329034899
567175897
637002324
1376536720
2110464945
133382628
2139970822
1009880865
601707043
1061365044
1069710126
1524913607
522600579
364677365
693274137
1048291853
795389430
586225998
1721242978
68972121
39426493
1892383115
909586390
812587
1735431146
1943636972
963991670
1857522674
726083375
1435970569
2134780314
1214163595
1598803410
1858725344
1826308146
832296023
488768445
205312893
265312552
718860791
533735345
1437887301
1463329506
874398375
1760886171
2019862750
1955620067
887244852
415876095
540056254
1009139601
1315059867
970124945
337706575
916547089
1109503808
1274066914
2070951100
457069646
253884359
1864490039
1541700187
733586201
449637523
937291638
1150675639
930659434
68485849
311550010
2018278201
360337861
931905120
2023774725
955954802
1611962040
1942578903
946919573
1830593031
10838401
303331538
1186160207
479123769
1010332620
493153379
506191832
1130923535
1860849049
1229392721
1949800131
253985571
1989282876
1281569016
602901860
126390279
337835902
321613244
1131337155
906633810
643727073
1543874603
192413101
169278794
1375308033
2128115119
1889300964
1075206703
929306390
667583724
927048310
500304674
588275350
1676153788
210426411
514826928
1518770935
1541376708
2053888791
182471167
1357183378
213776563
1276605008
390041492
884941219
572901143
1656640698
580131007
499579501
746955483
1011201790
216645540
308310395
1174090337
1130508953
1164658662
2119967489
158126904
1501211153
320500721
1487988320
446642554
671088194
1202185444
340418760
1866427077
1537312470
2115555098
1208147960
900148948
1024679891
1870605652
1438703393
2116661177
538623565
1063894148
1553250280
1754768313
593862205
1249618488
733553034
1023802052
1970682730
1752203170
1017200667
1381476751
297789316
1313829696
1391011303
2117782608
739897168
777644844
640272633
1657994005
419848444
603167234
1904185017
567167426
840279444
1056915561
925020080
1086328229
1410137997
445758784
501405032
250880695
663036031
520992359
919303279
723454578
1167534064
307545127
13403258
1660608074
1140948299
643803455
924539045
765898697
605230832
903725452
1329166808
1260228682
348315749
1339732
2034992454
1358174801
1405227434
330956591
248000783
1247737478
238250409
1486086802
2024257797
1425176140
1428053452
399978745
1899894156
1278410242
584347817
474641328
1525579419
2106562774
1987051993
127062079
302832863
1482403905
209127654
1451953520
1168763646
124944675
614550882
2040635134
47245560
67012731
870895124
1621328348
1007281066
2080948674
1216620878
1303139102
1507963501
1469526245
643168346
634432392
820571355
1373622750
853094418
1713269170
1613576882
1359783918
1321318543
1230976212
1690599376
266290809
847875578
1497637428
163022430
1825426813
890625150
2028341033
2006051082
127464368
228895070
1970577867
372711276
947542070
1399503650
623338041
1249422986
746845692
919769837
1319452294
224894839
1564291764
625502442
1086692160
1704689174
328704877
1040989669
442692255
1154171388
1335705806
1807889398
2090370119
305701747
1079731438
613056599
1640953786
984907419
1713999059
1013803095
1175485277
965412524
304117638
1761401703
131828261
1418767190
384207
1347705938
213131742
1559540297
1706726803
1379470218
1285936152
1955374800
536653766
723960989
140884910
605807000
1437370382
867459271
1433010420
1691126415
1885053686
436752544
1656567420
163813096
1818075083
540532470
1395554437
1150248251
125779735
880709301
1113839873
541637064
428676791
1012934147
685982274
1974992092
2090020251
2032081001
1207867968
986496332
1306024218
597303851
1817350281
2136185118
1739314672
1388250808
282337478
3591752
1154037461
393053244
1272935397
1943524752
1207853754
1241820755
1274767848
156535186
1065417891
2047214041
1169143370
670071776
2124164891
1650238429
1535121673
730020419
1068856665
1644977588
863886933
1758881312
330734574
544409641
1535733459
1969922038
877974311
1728067538
2029017742
1732798724
1477463301
2071075966
1043392635
728907016
2126872790
442738122
552785063
912213537
601935471
23535315
1934984959
1035611350
1096211209
2066322181
1764666555
194356783
2014290358
1112436242
1347993193
1098940929
85447038
234350847
559914130
1602034504
508277530
610793048
475139338
1811688620
1994944588
636387204
1591837401
616114982
270808793
395633971
1239825089
1691773116
1094406436
1321456883
1400133228
83452264
1827139177
882877922
9388084
42710039
1637610642
841518718
416498062
1909156301
430953913
812590488
599905812
589122789
1185874747
1065533544
2036065581
1497248374
1318729845
709255097
117288027
1469855698
83982110
1311899205
681755680
1953437224
1339764545
1062285851
1920289166
20368969
110865621
1739404092
2104612458
1882852999
1625785594
1960802630
77238780
1251071162
1122852051
1609253448
290342006
509996636
597623802
1976530100
1501361918
408295636
1246198948
1604808306
809650778
1875223504
217787219
1321759505
830885431
536582091
1102645298
87198488
1044923158
770146990
1684491280
1208403579
365121748
1274752146
1371779836
1168241705
643029972
1158387364
1653018233
848953538
814006987
1890567714
66945374
1095585382
160853799
1832516994
2010144589
2048292777
1036403229
357574065
424954317
1269567394
1010534478
594692472
184403207
182128931
392674837
948577531
71835162
2009321219
662343279
705489756
452861211
539776918
1978046087
6849660
1745984684
259546430
1736087518
830973154
531022135
1418057243
115565332
827081140
1195977160
1965991134
1847944533
1494614753
1208816773
1503837371
2002870883
400717153
1782845642
206787197
447120699
1752096660
1292663013
215927987
5017959
1176484295
1996262763
1719026952
267624160
2054155478
2048764981
800099504
1752394397
459938027
972668154
399230462
593159612
1246774884
1313115530
1662895379
1203850572
205161171
961312677
1057262002
2125771957
1933249567
712591990
539706414
606506180
2107558855
1482035631
2039314308
141906263
877331527
1787950146
1181280901
1094395809
1294283411
346948793
778582572
1316738843
822101440
22117682
2094726926
810100488
1171943106
974881019
1324193775
253446819
812182096
1071717830
144821104
1460381158
1327711972
1429726857
1709871846
242930937
190171358
1419321845
1742766151
1074757686
307932872
703538832
178868542
755640021
1276393396
1151213169
1854169438
407022137
675114434
78843031
244764018
778503126
2017842878
796364263
1437415923
1105145789
390876390
1658220481
22433427
1320220101
395272649
191157822
630724854
1568594776
141413706
673532935
1882433664
652748759
1207405252
1020638677
487413065
381978027
389572167
1701757824
319112237
2006215145
317643777
1930107078
947051009
1655180449
124668857
357959579
1773072352
999381955
1008312948
260396583
1036237475
840037039
1901313082
710879841
580286319
1669120088
1830084594
226809158
969805671
1679009299
581490538
1389156277
2071659650
1290008834
1871660403
1652693738
641210744
2141810711
36699177
1954805397
725632727
1861068999
422524241
673332886
2129506098
1838353486
935964379
348795480
1147036792
1356627864
585026950
197969863
1622601826
258992083
860817314
626289647
1690808838
761802127
1597438449
2141713202
1641628297
703334542
1752410279
163189542
1899311858
680099374
568495761
2086690825
818124057
610966640
907557970
369256417
116056510
871799716
737307080
1254171957
602336693
557527219
1939241868
1218487137
1076150335
690780680
389783192
1203850906
1224490101
1711706396
112180228
399772031
1551740893
1048734366
83404521
1699463767
689469471
1958760251
820446822
1409343981
1472270801
1332008719
1107729857
1302760965
1645216367
302641576
1932506277
1580685690
1991782246
1987323058
624394633
117349365
1690981455
1184156485
2063177778
1136479052
1386506809
853852104
575831631
1077727349
457634335
766474880
63154241
890237477
1899443321
1092439737
1719353342
266964745
1882499054
466358415
1954428939
1215463840
2147012902
1898974553
1356418214
1636018099
756813246
1416356019
1076212998
96380786
1462688853
476860455
1014523578
357542957
1665029059
662566776
891219246
1523315883
2037619562
1709518730
1450899277
1917103402
376002212
1658665457
1862131008
1298345716
1515132252
812276500
634880084
2036031387
673315768
221981949
176162553
156404177
1329787636
655365313
2012878566
1831119334
212194634
1550083207
195252058
1188546526
735717133
1543722038
398648702
2016188718
577048278
1231788735
434267367
1999979539
711810773
1543967236
175814199
1213120144
397779273
166227811
1321184738
719774466
1751988746
597146340
141985038
885060705
564186947
236375803
1323810452
1049357333
1713589054
626117369
88283684
406424434
1640753496
1883505173
1179932549
154847954
653975571
131633427
1565633529
1882579022
949836362
43410575
603515838
143898649
1082298751
1813649896
624855473
235296888
1675557712
1557972172
430026510
1552370530
1534565385
1802322779
552258898
904185776
826191955
1957849850
1892559937
1315304448
1665925129
262600631
381818372
1811561772
925781035
1726269524
896557930
476928610
1572366827
1306759410
94718543
1725511904
1975762149
698863196
194605082
1420339535
621470316
123823084
974348896
714164409
1952088063
1673915933
1027389350
798539559
84100827
1114207151
1497971267
790695387
1742167722
496549745
693280612
347686694
53381465
803425454
925985834
682338792
680489479
1832341558
1036241646
1083685538
1758574873
684787720
773665444
259429433
1039363946
535239577
161866333
1708214858
1972753056
428897987
895439590
1632950052
155204762
930916685
1030938766
401387366
2001033221
1331590419
503451397
1170519350
529910798
1526256850
453241184
1487201563
1544335666
1329161618
720445497
1101313656
787824944
374324400
1731766260
1037683110
835605536
1138742407
739293468
2131041708
1489460382
1978030523
1666462955
1476110238
1715189022
726156065
1507495912
1497023887
1068249187
787725902
741901483
1181132596
8650507
982457019
1765404860
1559782934
494214210
512949650
432627098
1086531443
1988727703
1912064023
763353047
1070809522
290066923
1978841782
1491064416
1243611010
749687685
289275557
543691739
2050505358
1964712259
1789878325
2119654441
1142663134
544124652
118760379
1313370123
712396749
1822379168
923074325
970801376
772885411
856128880
357294555
1856169612
925074127
121742602
505796132
457953653
98484674
45784717
902161394
1601428135
1254171754
964537979
94535995
226096152
2105044553
1042309580
1390786709
1270176517
975473202
558631967
91279485
1032343162
169872288
1582020364
552000835
2075159537
852044723
2086696085
348014486
500495378
934501320
965420730
1410331048
668293529
768681907
1847193131
844842237
266247254
606585244
1773703704
308351701
