25310855
1689406249
2079845652
2023380735
1493295730
1789595957
846189387
1637595925
1981232784
222305585
85885600
371850770
1641931946
1169935128
858948403
1921940935
812368540
247962464
120053204
1675704666
64177494
148266703
878355411
923488682
1028352508
720307703
1681973748
500229722
1882312494
572173904
1476628607
1362590077
1374019682
1426597616
97858163
8823772
2135430508
371246825
1264448986
1442022374
722888735
1609436991
318785336
979628341
126829070
468529796
364243485
1195187897
1272333419
979713042
1576323290
1753347459
1588227089
1948659941
1384893776
1698697776
1647522717
283321363
1171993828
890171120
1210217911
1002363112
1263595918
1037263922
1279455599
1128410274
432589329
498223598
1239904962
1810702789
108596037
1019192206
212648251
143066908
479181968
1294229626
1992332982
1054856270
112290163
231430974
2021785664
1518106137
541700672
1271325018
989047578
1246323757
506394090
1680518567
104775644
1451915943
1268614901
397074273
395120055
1316270376
1730411916
831461333
1743480787
684583314
2044811441
1964083368
2094085847
2050535519
596557967
28597441
7889030
1377134749
1247402987
2098496980
478201734
968883594
2075249337
233281676
1317848381
688444360
1509423051
415433044
414719956
263803965
1269240740
782597059
354491997
1516243593
1310042731
866145954
1683193105
1982198053
1839130363
403484314
1549738930
1672357141
1171469591
17918335
2111873039
1436212041
796628155
1216437299
1532987046
266736022
2060816525
887465272
1715927907
1198134604
1738205554
1065280982
1971242119
1549638003
1363618110
130589669
1349478820
281589415
1706978947
1966390840
874643653
1622396557
1377559434
1292467622
122973098
312929521
1243837024
573271222
132441904
1537204350
163145735
1069858790
1812197071
1267655960
503044302
818854040
575247934
1649236442
138721211
35523738
893098801
2122292391
1570288420
827980880
1663275330
1602930031
1207306333
299262337
1181264366
458791680
2109186187
1531158714
588692150
330283910
150202519
841746274
66339685
587960993
1384379967
233095260
379803249
499078945
1096199238
2073110866
2128962939
1936255585
536653771
1555690149
458757105
1105990461
320151736
1717965806
704729555
737947313
9447249
37371695
2061705362
557977615
1354467564
1048845467
112428052
923626204
937334208
383858942
232473045
1776074824
1961746901
2047226058
1478897703
1870424649
1957976859
547963328
708442010
783089235
265711255
1851526455
1863600246
1573577142
1986858680
2043868428
1872733797
292850067
281119944
1398086951
150866990
474644604
2131777406
745978789
1301989788
960228264
2034749616
1819279783
159980925
470018511
1956219941
855475895
239807942
858244520
1921477000
224116946
83173332
1099666941
284892025
339587862
1104818893
1395819879
1812843966
2134351113
648928805
580492204
26131607
211358851
492901949
1978630833
1597157167
280925242
1998846245
316236061
1539532590
1679370472
972440962
605848717
147142508
1412138779
1614093707
671495533
1442452415
874935192
515553325
208055929
1712098293
977471597
260883023
1795805648
1084376029
907542674
585126447
258463154
20748928
1519375419
2055630571
225559254
1288131181
1048055741
2059554332
897662571
480259378
1300164378
1329236381
808499625
1113557991
1199237163
759738217
1440268562
316229348
94924137
176074146
306234698
1640894098
1606734679
1022344366
2036160400
1303955295
305259152
985827708
1532720088
1227387595
2033991784
32276965
475533959
72243104
618100802
735200557
681368522
1458649918
1850019694
151476904
1554937491
66166292
449359292
1336373369
109481266
689442091
576849058
1155892342
1654342028
522566364
539344645
881948967
494365434
3190946
1708745639
2107291886
1698863040
2019036170
1384821806
958310720
55405608
2079447239
983151309
746311697
338073914
1033583074
129308817
1917758798
1720075547
1462547470
1127982666
1481337476
1780571904
228559641
301029908
1622647454
483653837
2123252863
60699521
268018635
2116640846
625574169
77385829
493268350
146428432
379289587
758762557
1347406991
1237663709
543669306
396979260
392501119
1198146771
1115240532
2011677172
1929456857
347341088
120137738
1504710301
1324021171
699414364
1043385312
41603334
1002032724
1089381763
353660806
1690208277
862476015
543830926
608345447
1696977916
837045902
298332588
492943710
1118715898
1705900554
2124087330
2138526856
38641355
872397110
1016142524
733457460
443581358
530484252
1087316463
385934839
956498449
327051871
415439757
2137832157
542997978
1727098560
1797834019
874275770
1728181844
239532219
559575538
1116584094
405984692
2024801873
84381320
1971688806
649260872
621815777
681673723
1695200623
980539
121016368
1122063554
506288230
1749767943
468771464
592702768
1334518331
945159543
1956741372
209764750
700696628
1808413016
1688026313
1201533907
814365982
755848124
665873111
1065278210
1388785310
1009641194
1206484575
1746757153
2038220197
702212837
1900506024
1399616721
451460098
450902167
1582052586
1923669903
954267921
443884954
886580051
1589676422
1337460625
1291147940
1161317927
1312978446
1496962707
99640972
639316482
1765833669
1923504015
1920677885
21510713
2067451720
1813425041
334972854
1923300959
2050441103
1553117584
2058739067
592647651
1412013538
191358943
1603959195
368214999
1718643580
1781510845
1724255519
279239883
503350971
42088967
1141197452
1658579160
193737216
2008297485
1591146837
1018340281
958230057
1532031873
738448865
2098765075
1675707048
1869061771
613427252
885250773
1021390144
458798330
1038605116
303775674
801215324
800801686
673742523
338270187
317697804
1867211409
33111499
407473602
1452741020
314649884
1947694099
1371334826
1188984275
990797845
1514089349
937793570
468532165
1777463773
1174498513
1434266848
850823253
2134119752
1326378089
1091535378
1377608267
1314011566
35405362
1732737215
2018428686
1141488158
1416452548
912836428
1441616126
908660146
954784094
1304428315
1394846064
1031432958
1089469801
2080508494
1411719239
1452798114
901717671
1587970985
1039229739
573080831
929749240
643590806
597093993
1887813382
2135480521
1341052225
720728423
993937964
1096275225
895967972
1541914818
1164793722
1504239657
1259753501
626823174
26660288
1216665792
998518650
1121897737
297863914
883648024
441411607
503453412
805316714
53839977
146259039
800418447
263443669
2130470927
1094466286
1699069720
158856330
1048948058
1851005847
494660480
777608076
436292338
1896950401
1734135858
761467505
1064912101
260211564
1397251617
1445836916
546479695
169377554
673428861
853652645
868693925
2000082088
1250178577
1161168959
1567819678
1118835075
924121916
1736487962
1611380926
1412802776
1364057482
1108001591
754996607
368704924
1672131566
1957244025
1638878495
1207298186
1350774430
507305331
406567681
1251564611
1578059147
1515151452
2003794624
625404303
447337596
1034333983
1038496471
871630273
664968902
478274959
1410736102
1338250553
982160554
425305272
420350626
1183996931
1115214923
882514257
59535964
624891549
1576304714
2046408525
1661638188
844504278
1855399424
1307499664
1662428858
1986629842
851250519
1853336767
830671528
1935752234
2002021445
285906992
438648735
338124080
1504843750
1362829313
129860085
749061712
451013941
1065716036
1640563960
1527927186
1959971688
2129482072
1561535962
624413243
1906416101
633689427
1031185209
1859686035
1271165924
926269083
419857225
1805274050
1787736994
1862461076
275182240
54416852
186136382
2027520883
941163933
1885355484
1973279029
857182257
931194486
548169780
1083618933
130974108
857512413
1536853218
1285127199
615676551
5907535
1179905046
1751553758
754143522
1566472697
1990983888
1990180319
431445860
2054898503
605084574
612561772
607975588
1017651210
1044160387
570864937
1051156040
951366468
1649670899
295089641
390819220
1622368659
237270779
1141644077
555061412
619793464
243095166
435279931
1869995125
1984869060
1531439002
357916888
1548174877
160662878
1177569578
686656930
998226203
1024364979
360564324
2112171020
373424329
1745507450
608832161
917787638
1514641134
621353379
364416829
1389051112
581405040
485143835
1044628884
1308814571
350275878
750304830
1791729453
1802746628
199316428
779802586
820590067
1796685646
1336462096
499330780
1766160030
203090611
1916545737
1933310362
1332530993
1688346694
2064216135
33644988
418907036
1854556736
599073989
44032711
158337
1966146710
1907940603
415614792
1961358356
1373902643
106487760
448204441
759790875
1965332951
2070431277
922592595
1887178773
1843542923
1781925357
1380219472
1945097847
1659455424
938637808
1399495259
1457888273
1837998852
386144591
256121975
1477830287
2026281312
1211838377
181487817
1608172316
823326800
1824491676
1318126626
1444776993
1161465439
521150544
647637549
1054607659
100256351
899418925
1375215666
246180587
74830914
2105337516
587303556
6145367
1218648473
1389249867
1185197709
499829229
1462626214
992126874
1486072692
978232343
2039762207
1020114035
1718834024
1630009770
1687821698
474251847
1196560268
1804874120
1018400783
1657791379
2069420159
162349670
2064684135
475646065
276753798
1614179240
2017105599
1281222474
78222425
1353210472
1549274561
1024917161
1856752519
236149910
1556401151
2063933995
179206534
150365241
274968340
385787027
1917338203
538164436
125691481
1766084858
1838468578
146306276
1523428161
430621987
1938679995
1274649989
722855250
653647596
828738001
272278067
1158009792
522211041
155608712
419568302
1002403496
2056815083
1901158275
1591122168
415830502
782054438
1720233999
1806898552
2115879827
435625680
1094609455
381336385
605472798
141710172
1210739012
2102261356
279356934
2077291943
1428456793
1688127137
830020401
1436165954
356675849
1535145909
312362476
2000885229
1248152589
412025453
1159013248
450707237
79271014
655128417
1802575469
1557404373
1743568931
2031547900
1754793542
1484095272
2089183696
104845728
1758554920
1881354110
377985403
439658214
498464472
205596796
1976652900
573915907
1906113912
677075774
863780160
1704812358
1888493542
498510248
2078125866
200757949
1731230130
1621890522
873684263
1241316344
418804921
267007681
1513431124
280904933
2121071714
690496458
1499283118
855163610
588933749
789981618
1093801086
1386353842
1565861779
864795257
1881188959
2078195982
904370518
1278683766
245785069
1832482493
566663174
1720380547
1233158924
51032374
1054295540
2053971800
50009042
62841666
561300087
1969839605
1032127762
1546217911
280220288
653387065
2043043206
1349822558
854210780
1891385488
559263128
1537463030
1549867015
1301729226
1064613325
723584082
586504103
542611462
663800270
1436181917
1482598316
2027549133
1413618197
2124105662
562387713
361219643
567127601
1861890262
1834546159
767831383
1465940405
