1266876390
1822219279
1205362564
251041219
1196714126
1404985834
1491143697
1942505776
542779632
1335801391
902383339
1254566228
239172531
938295951
1254186866
2060467569
1566271524
819614777
1844646504
257732286
1194898038
942650349
1335470342
1598631695
746933802
1591502271
339457833
1248124962
317019274
1633315434
1856850601
2121999752
1282646351
447282255
1776057803
202926893
1294096226
881025545
1666678476
318802567
650096575
2074349741
370818717
248387671
719688822
971339683
1789073583
1344046367
683715020
1032679451
1756423652
43227681
1132693374
849734191
226626725
2060025103
2007303205
1351946644
236142609
1759052884
349476021
483443707
550879314
1616692733
1593696799
523031306
817892876
1625025350
434427671
1921068018
1234772719
1228698301
1123387375
1826397868
1242390892
1310665493
2012706466
1456119509
1822264709
2026131594
1837749486
1962801188
1877688508
1054627563
365332120
1083707524
241920813
1914112585
1078183379
132379090
1010734008
1761333306
621308859
626390325
1224190294
339243978
704970492
1351911956
2106939277
2025883135
1046727312
719073976
570355710
778960136
983850661
752382080
940907292
1156865026
739966364
28113339
905421303
1887587686
1278383918
352727846
413451062
1224882705
1607996329
910001921
1487643939
287901425
2078265688
2022560720
1534236385
101368649
1411536385
161336491
2108355256
794800546
312170120
803849538
1243059089
547403087
1109808817
930349937
1877471101
1380503195
128336643
876236924
1555630447
964292497
546932423
2028020711
418286602
2107511655
1970421808
812671477
883523477
469901959
1352815764
293816251
1430727948
393661755
725960408
931970783
371843152
1851533045
835572203
1164636914
347495294
1455385657
2084268393
1998103144
973860188
318700840
238805599
1014514992
1244282096
543110826
106931758
480035572
1192688683
1690006582
1816850824
288690927
2017907650
464069697
1790230936
1484504933
2117073438
1654094145
1395405118
383837892
1956775785
1565843804
1361520760
1882518613
593869001
1099697842
1944674268
1141107359
1289778346
1390213700
427874881
766818648
1898086963
785574783
1887770238
612219145
235144666
381628009
1150835530
687277629
1776547091
1443938919
654221123
1067783781
123556643
146533288
1863560970
1826717771
670705940
2068394290
1981961099
2091749937
2142292673
1808920967
691559002
1339682694
1508842257
690575347
1714389561
1093144644
876650816
1716722805
224488886
71179241
1834443097
416684103
2004671985
1259551247
1586268608
252664076
819238779
1686246058
15542251
285932694
358904667
563140574
1723348529
892518225
1758412330
1381618555
301364411
116836175
1272981342
1693782550
1437179799
1192482288
1606722211
670262725
2014819307
1273145901
1650441573
1216649846
185603654
651099522
484837995
904287724
634620946
122758518
1719756189
366394711
816126502
1512833992
1781395942
404593296
1259928184
635539255
2104873780
1131436782
1561852655
1441455854
1934050972
1335943623
1650505559
1105543819
49863323
1707919495
1446330478
724865227
164211063
113395302
1610277403
1530099411
283613125
329882057
1660607166
411906589
828619011
819293495
776861090
2020130557
43850853
1007309302
594156175
1849959887
1890345901
1446316610
1491600509
73347264
1667147315
1711865129
1829269859
1493136437
1635009028
1358679558
1130577197
1733047259
2000706855
1613279639
941619659
2074037836
495974651
108378813
138327654
2073098587
839621052
108984529
988858285
1280751868
1798612004
1156506013
518816590
317364947
2010100526
2091458814
1696858241
1735811159
1981761525
1562675220
796266430
1229906339
1860588987
35812899
116505487
2097582809
1893747719
1379775753
87540863
1600304691
2069127398
1697669980
210414130
619537575
734264657
315631135
1632957326
1192703798
797986223
171539489
1467385879
1073609426
82909297
420916467
10816601
1905948906
383196379
50097540
1689801598
451804819
259415011
270398555
2147162111
1181281364
962121010
1253824367
396971383
1255028878
1830822471
793554342
1690860948
2011983494
447044027
1779699177
781959718
826496017
420414623
1699489248
1866206810
716570587
920862721
114278991
393648384
1096534611
1193837710
653673228
2115918343
419373879
729321041
967873692
261795083
2088760759
110804633
1183705450
869026565
79684937
1139767801
1841335459
864218401
832130312
63710313
455526577
919669421
1732676553
335510922
174160721
1605387309
1328400061
405815047
2009174355
1472212363
1574825148
465829655
988759022
93473131
332162100
1285191966
2101449149
420554653
1471114669
726236787
1282018650
1547548844
382199032
214430013
838908821
215812243
28158708
1455049590
1396530002
501330575
98345468
150557714
2103906556
931102736
1509213936
1284752440
416878505
1343014089
184455391
613793455
764049868
624699879
883777870
1131223892
846287761
1710406238
405565223
1458546887
142344409
606675550
1361000001
2096670246
400189650
1627665380
1438979464
224712433
445086001
448782957
1715496393
134787853
454386447
1833502662
578548509
1815237860
1984596830
1049977856
1252942575
2072045481
1052952838
1410230911
2057941163
1031108537
1932012192
2111475249
211651332
1480402717
458235342
10084059
928381922
1945298988
574452276
1097197966
1928094951
404160589
1213551128
934407737
1677163165
1633465563
832367250
1143446616
2032633917
743613473
423042415
200124618
1820780062
502295684
1228224168
403222209
1693134009
1306289088
1774403450
98299347
472010325
560349259
342370594
257333037
330260819
98547413
958114103
1748204518
1327334680
860499441
653738403
620498545
346811282
1029753293
1726320191
1834797357
1509732713
586691101
998937099
619195415
186699460
1856082967
273767943
1422304159
2037779125
630489751
1840712624
1092930200
837843778
1127970402
1211147546
328636744
641186833
1249431687
151598246
1866281887
706258351
2113298657
921622113
2103847045
1640951677
749703866
1379484922
1555436620
37144119
126255498
350354525
1054718021
11338018
1647728605
1330490352
7846254
501563346
1366915666
1795707497
220092489
401070741
668999871
118553930
1244369863
1348349824
45883250
333956602
2047560035
200439316
1792066195
2011186817
799933516
510714763
88194469
400842720
1856261562
1210747333
380260651
561433611
1540714594
813103818
343271527
906139012
1640087812
1706580731
2040893757
1828466325
149921314
93727706
1480708151
866812458
2057533643
2061351282
502166178
37353544
477517973
1983624293
1754144981
1805715502
1810066600
1920017040
700289681
813535751
1755077623
73298013
1229612932
101440072
1954358922
635571364
768067048
2102108332
192121335
1555339582
119734600
1224043722
431684336
46357033
1136438115
715770447
982345205
1152003409
422482217
174444254
1442449706
1199109377
2091730402
442753921
1695996227
2105868005
201064046
2059758538
626394011
1497731515
1632870055
1532069002
1972387684
1707305878
1049230051
1071559725
174964729
1620417231
743731093
1765869233
526563920
1449311112
567349523
779333441
1519488907
923026398
1890833778
936175986
196333229
1650075819
2007579277
1509717017
1506565994
1161282804
215353893
67149766
1677215767
993496566
2113142306
801344226
1817747648
894549448
478488312
542229856
669476184
241876653
1192498725
1681208867
1680996619
1498464504
311750358
2048048108
1871662256
862750108
953917097
517383166
915716698
1398802255
1021157517
1998827601
829147150
2072923227
1194970054
184158062
777790350
1890732801
862376205
2118584301
1602242900
1625254538
1124308
1088723337
2102421658
1042598635
364596647
69088733
764819094
842341652
1639930286
1555792574
1603633860
679966165
2139031119
1383331892
367033947
788669805
1040151280
237808661
1502333153
2030517681
1199570906
1863908672
946172890
1313542358
384812601
1969780851
1905479580
819434203
1788563008
188215498
2091905854
681846677
1948534121
1067541973
608375214
769132376
1978603226
1000730964
1818807778
767951935
567175139
652646033
851763239
479402521
1509071524
1716809050
278494869
1927664368
606312652
1053704858
1344740004
177416759
1244481660
1353279636
846800343
2141075599
1699425610
1359286459
462761878
1856672310
728094561
237185328
1002753561
198566413
1144840901
2054641624
1116202112
862710596
339896500
910970137
298055681
565230500
790160680
996755506
387868217
984578168
175288953
1151682356
691695267
188272665
1537367328
1114832033
1542529318
1872935445
1889350039
1422410912
950559688
1544278011
2091222619
1677030361
2144297345
1333733574
124281875
279738867
1499059242
1140474084
53628363
1832743336
16300948
1470437601
1981352793
512612481
384185269
673535157
246708192
1411991603
813906942
41403814
90076787
664677270
1608606152
1153984731
655511249
700877118
331309036
1794606207
285594702
809803192
27190641
1383804302
941283539
805085027
713741664
1370955839
862817788
1850779112
1409839540
1448703246
95196767
2147045207
1856177006
342449253
1337043181
287661279
2041098692
1696443110
1948108912
1353982250
1898470009
870555736
1705652532
193083987
455826760
903541547
143605442
578662789
279145594
1125305001
83143623
1580087857
1286837399
1772351932
1894952468
1580198635
1526517049
201272406
1113690303
644508130
1451853052
1779120513
867012198
1412703994
1274591889
1587325955
1161743763
1253105032
1774212338
822764461
1524728123
2033465257
971476144
1472467264
1477988193
199560511
1553291368
830263037
126042072
1139497097
1734078036
2102556616
1655149861
12229214
1634307325
1878722296
1418269059
690751494
1507319054
1326181054
1355500031
347569333
1180065348
679727919
1385810372
1624230053
1115779458
1652434927
746579825
198612943
712946177
503311996
684019366
1608895045
1997565861
1254132500
384982942
1198503983
962411626
1699571268
250586870
1242921824
776314621
1804476687
1457901452
413792404
1668357223
639607223
1656197251
97124936
1818028772
1775690538
1623538018
1348308790
919191506
1755386124
130129500
475766380
1225476805
847583837
249185962
1944716040
1762856887
392398023
410050324
554430866
2042196573
181660295
910299792
170248438
1474487444
1640770805
607521537
2135568668
1338788346
1278477745
1599667232
1395411238
992527002
600326252
1421752952
1247035205
602681023
1348175696
645300363
1903119417
12639721
1681345549
1399464978
1978248291
1952185054
683538306
737287522
303091848
1196123863
1545087492
748085994
1097179172
1301337563
122254925
9059033
2116700008
831069738
1294311684
912344284
338995923
1767623887
1021710052
627449349
776354408
1386099033
925870988
749510855
339443345
1242968739
1691628259
84665118
2096191632
1052532430
941516582
1146500300
1550028958
1952565328
984046992
1019445181
1827138466
1523933734
321629093
1805520012
1797431951
1261284645
859430682
603966750
587511130
1494657134
8407652
1173253996
645018519
1993414400
1066848219
