965122655
867579055
1729055848
2130834827
759879380
743168448
690803347
595012504
2083571391
928994065
1837193924
1857998667
600796267
341803824
2112129952
2140083389
926639071
1084783019
1627348583
990093598
600445021
1230544743
652270909
445136802
1883430916
1264979616
93795494
1338620682
622192533
900149373
174795281
304514507
1864448082
173627983
787163531
2127133404
2055369218
694273126
1901345940
1890820385
1174942482
498128016
1899650063
1428061039
1513040086
477451823
1622585170
695144252
1381016044
869063158
1727621726
856320996
2011473089
1106777920
1007033640
962534554
1687661613
1634584844
565995030
1006866153
278154298
1192501401
1362893189
411047910
417538306
504399770
340988039
1843126773
575113654
295635991
2048127146
1240378676
1705365947
1155428320
1058561779
1517153415
1273465326
1611888046
174469098
810182977
178058248
1110812119
647382735
534525803
1952875037
1312908461
1423242730
1445815477
1319078975
829346933
532599296
1343253494
1626570303
2007670015
605686497
422975330
1704517523
505762534
1142651679
13048647
1308735315
975165542
543670489
415257475
1711730270
1608954325
1802752437
974466438
1863086490
2027153344
896375788
1879730432
1735784024
516862115
1468819070
1777596711
1830838997
834255940
783401607
505639078
965868764
2067045036
1371471786
1744896549
341024905
1017272515
1695561129
211795825
495411497
305073287
1364006167
1832804681
1551177278
623880937
22073636
1756398020
160134815
743645508
1550685336
809554786
1499235259
1045515386
82121691
2027650733
1082533630
1270089645
892792368
383283339
1667498828
1335897239
2063511554
1143997219
1844812970
164102023
111568983
585173866
1890850812
311304441
1766843233
1047917897
4519145
1165475536
757447731
1753692269
606815194
519986994
1357289361
1064570794
703527458
87899904
1628436960
2028928268
113911352
1685839345
1286818364
1376404604
1139140127
685175370
2027336872
1019815692
883761638
1591909948
476888416
1652377823
1104751691
297033945
730363723
1057246136
2126285691
1525734580
799109005
32524317
51530741
1222716949
865697848
1617325863
509370252
1490365142
233298978
1470742249
146909835
1557366238
1827653073
1501320059
411336947
1752068151
1178502035
1868594850
2092201439
958591437
139674283
1357606941
1372225289
1016255429
1624030117
1584257167
2039254629
365729399
830704075
550736132
486925291
676498698
592791472
945942817
800291186
1263130795
206807785
781000173
978848440
1120640361
1372305628
2115451702
1348557694
1549691569
944582320
1957759393
1283489232
197357921
1906153060
419568466
439417442
1579336074
427545340
267872564
1049025814
484141511
2002800085
253342437
2027538331
309326388
2015489818
1142534977
1810058287
953502989
733277007
1784075146
1674113668
141686501
540514315
109422385
426666177
1677500544
2102565314
1365645891
91390623
1791319117
78961856
692968563
1837222068
510257539
1665723186
97137344
928217549
1243961046
164123231
1097136579
433193075
1517606614
1672145140
1716208279
79560336
793722853
2084235388
1473287268
1370173740
1598706131
1207167982
858815626
816352848
241203992
1667368288
1579202407
1935220491
1899722669
26688730
610327494
685324178
1502856071
1176562245
991498980
2074333058
1459255985
1045134467
1747453728
1659231298
1759699204
714760088
353948478
1852419972
614099846
750965765
1543265367
1436711914
934397277
190032181
1148067937
1468023237
449243758
2007035153
1061364567
464946680
424153495
866763438
274875653
1663325435
1648935044
94351910
1118824818
1244804092
2021524274
1889133444
107707881
1298317855
2039243006
452187865
763102374
672984038
2124532073
1107184491
1536258330
201503404
1266635371
153233421
1548959451
974498380
423248496
998266506
1555123500
513437407
481918963
798401595
477276452
2134799521
1173102774
195090872
2062454909
1553445877
1166504603
678321067
1477875451
1254871935
1332115490
710395584
2117957750
1764004463
218788480
436541624
804569478
1471239390
1037808472
2146179229
1486100683
686937168
1799589913
1190645776
2015335126
168040025
690745587
1740965822
2028935864
772795229
2105447798
460118257
491755813
1271682928
1518717130
1242924611
1442260035
169830236
305258373
529722733
976232981
287249344
1055029548
576914493
884205439
1463940181
1594367818
1684533926
451673589
1366861132
325221414
671644657
1884936644
206889171
896074531
821594386
399993597
712076983
1882162361
1895220757
1021285114
1495149604
1601554444
1802069175
246687886
1778748807
1713955878
1309881873
111662285
1395989652
957264598
1916497263
1420604020
1825084515
1195333412
1270185535
774715895
747593142
370569583
1465624357
1103340582
243158357
1761950501
803593260
1866239355
12297882
415786015
800055830
1897153538
1639023625
1016605591
52202708
1206569445
2113071127
1083625158
1861301009
2145466003
2097272844
1990788894
660834536
739491981
1263076098
866513441
281359287
2014206413
1795266317
906452189
1021020427
1053714643
224790133
312020228
489097915
692242509
731684638
515195308
298144272
736352097
1330705929
134628767
1733377057
2123367579
1008814323
992513376
525355326
267771246
1559566363
981891771
997802371
1562070121
1160010273
620658695
462377100
648171511
1227541514
1375075580
147712583
1256592338
1536753504
2047266603
1947527908
848295686
1764550774
1578840094
1917420521
57845918
882233033
2049645324
332900451
1139942637
58958211
512234553
302565943
983694714
1096798745
1448594408
706730647
649065865
1217263379
1898690302
536321936
482843970
1668585708
942364469
1063227583
1509700993
1727179535
111709433
365202724
496027193
1181504257
1573973218
1073077263
2144006533
778157982
1764012751
1462504246
1576774989
1873605244
1292602523
1140743144
858893713
925859180
1676220031
1456247132
1547430229
973559327
471237380
1047400995
694109225
1836188132
1875151011
617901757
1057556052
1031240591
513822459
1692303175
1769500060
711611766
1908913581
1308256849
1618231477
291551637
1757736664
210241230
1145433924
924977617
1468991276
1850878757
1124231310
1774125658
294426029
1745656676
88175298
658923561
1844407558
1554868372
1449585887
1172712873
1779681415
80982823
456000835
1936324466
880479933
1482351246
1608322770
1099451184
2116150189
500728807
789135039
368444066
1777525932
741614036
2092711162
383515838
647170014
1424721767
1287786806
775161586
458897737
1191903289
210015894
47962246
1033531285
579356570
1640120307
1358504477
553718370
1520957666
1514182348
45601627
545401926
1333818086
1777827531
916183200
712671842
665469063
465102832
1269936881
439176095
316487780
749287772
1643998200
1142153610
901424559
1335320252
1824360482
356607178
2037902365
1728578128
747616486
503443258
1419917559
708189591
996094246
209489319
199947086
855878297
1465949614
1327029031
1677049163
460840913
56484825
459061268
983300260
1570046132
1498671186
1384396452
69656619
111570146
1795604472
1356691238
1858103424
944257000
517262555
429116891
2095856103
133444528
467102051
2041654383
979186996
1047852934
1332208529
944924947
1376851427
433982919
25799260
2130353464
6480708
657527336
1906749245
1966831081
819856083
390736544
1469652423
841740229
287759782
833283315
1850583917
1510250648
359344895
1977688796
1199300968
1850740886
513479169
574119639
2133189296
1292903731
1078817920
649999240
132599847
1520664482
381998321
50835403
112397525
951943399
1378838913
1379115353
1067041870
1375831451
1645481537
1274978323
565130544
1466723132
604432510
503333871
1682072009
2118832430
911977775
435523452
2071783637
1621634899
934845575
1542666515
1749018724
378174530
642540715
370875548
181988570
227523878
1712995710
1637531642
1208978961
1648261430
1349693335
451769364
1546943641
942648012
1013225556
1614494849
1784996127
734554149
265886984
81151951
1933643755
992157108
1279680335
1592484464
1275310723
665572387
1401939075
1897295426
358001005
745577447
115917383
2001897658
445974546
98490494
1232781888
1984833964
2055056574
406308168
341233380
673588409
802166468
1712467455
1407589226
512694101
1929723071
2103768277
1977129185
1998810483
1349534963
1064673320
1350855261
461686480
61809105
4180453
586361420
920790745
680604825
2015226486
177533670
1373698362
1385838618
206149993
903756739
326997252
959042965
1741749663
1226096262
1910016122
2067031488
2021705516
627094711
196122489
1216315366
1436396754
1157292207
1595799169
2141002027
784205589
1998910380
849472612
1770657261
658752251
1923154692
728147081
302075719
1484818018
1186324087
20814813
1415720623
1964081149
1821981085
1529328216
1486496191
689831149
1920318078
479759143
334645265
75202040
1968316224
349668732
454483267
116106856
956288251
1232812014
2068054297
1330904706
1879718313
933296269
2019270594
311763873
243647289
1271962502
1726110771
891723760
1622386114
655700591
1469939376
1568031681
1926882005
727070257
82446697
1071479436
1971915755
1577657743
1074083137
91010438
368509437
1166688855
947959977
74753501
1412750387
325826339
505502379
1714856078
569853876
930418636
730625027
471934436
1602998940
1753321069
1049698408
504571534
243971083
9078543
1134821864
2045788251
1778107226
949193718
1768986737
1157221524
1931374697
1249956999
1968263020
2089040374
1273999124
918350036
305103747
1801309258
1644554180
10042310
1524556419
187923363
478813985
254148070
2073798493
1058164020
1880532709
1400378056
34165831
1366237131
1446431180
1033417492
503040
310674926
692585640
1833493810
370004784
1123411856
2142535313
1006343825
1637320429
1948304752
1409782329
1955315605
1638837594
2130221071
89676381
266378267
517693290
156722252
169038679
176726697
518447810
1744093085
1164657616
385123383
1140985533
2052496876
1456127636
889593492
673562505
1504371468
1839378302
1052502903
286005614
1764643286
940017042
427824675
1628143151
1312101092
651537449
346751413
294139529
817016041
263136583
448506381
314569176
2128799916
791623432
1346693463
1786928601
2098379423
1229864505
1211452469
35403914
488631328
1782503428
563068555
795762222
968351307
808367299
562428646
872445292
592011385
426280437
717899401
2130115479
1302541402
796498254
1987879958
642683657
1962441131
1582617320
485508822
2092602792
824040339
1997920408
659075237
975375754
300284320
1545756763
1933214845
1964922293
221324889
1158984688
917682077
637846783
2116826495
1127848831
1114073941
343991572
1325118437
1553793398
50354545
82106262
910983913
1321451893
2100911424
456502111
1721266574
6698079
281035584
2028438498
217910583
971385745
1882696039
1540461743
1257014274
401878319
492526096
1594823445
744755903
1979900826
190786432
426926049
1364269196
2078593534
770182677
989973317
604342798
1918861319
1494192906
130643156
1907236430
1052798643
22861289
