1686840288
1001939923
1007181641
1779799917
981119357
3983281
498705722
1361370452
650257181
346182417
1175969962
1658372359
1159752876
2050248708
1538592837
102833042
95452685
409792809
1098983404
1092393860
743888983
1200564932
55631043
1181602971
1187247425
48677751
27517029
535388174
970097304
1530295967
1415470391
349796215
1161204716
742367821
710190554
1898976346
459476043
558668511
491071930
1799831126
1969005093
1272864315
1850466499
937415143
1795555151
1588592807
521895988
2055842261
2120654627
1775095112
192670347
1210365244
598092996
941863989
1104309408
676930617
1913668479
1665548344
1341094350
2052945198
1754305356
1760751137
1277606220
1405340851
1070959477
309878726
1156667033
1643422233
1573375310
1988396186
942122774
924019356
996591906
694055400
895375021
837455140
192874286
133383341
642018735
1086752952
1815396038
586745616
522363324
92067712
1730510230
1986016127
1576109019
1943648373
1577959684
1442582375
1057177002
1140369831
546014128
743683983
1008119727
1245576490
1357177117
798054418
1224008396
1264882334
969544041
2271735
1687609041
855203674
1878794040
1819635823
107026476
1984892725
1018550703
1592545194
90359483
403613680
650814620
1247016790
2128254914
1840167235
281471155
1533426357
1990675704
1592345474
1008207348
585650265
2128739004
140582636
142461480
88806271
80263013
279596433
300256649
772260102
1132178871
1047871965
896481153
1407273482
905684081
1179894724
1121881483
1197078049
1215835395
1863237260
1849642550
1739501362
1718405980
393142578
1411955272
136638701
846170338
1682873210
838159871
1963849194
587760763
543859094
1418562675
1295080546
210842056
558809202
942726935
1257970820
1007884658
1083141274
135637854
1550600821
361303196
450696649
99213434
520863207
501407096
1845815567
693067583
1300978005
500879093
71519134
1250147878
287853272
388828566
1896282161
1469647726
479740073
87335774
1443383576
421351262
926624564
1366718696
2114377957
2078847141
1692976853
861541779
624444333
1176911073
1923794737
1633218778
18182907
1135179582
782769715
2087208641
1180728919
1231220535
1460893858
2037285227
2073283182
1265123704
2025237084
928278985
269201630
11011300
55993394
1943236973
398891680
824722866
1011166559
1755678588
1563170579
263606450
2075277989
324012738
210377121
140030126
254827782
1116375776
813705232
1572888555
1429922332
240855712
369288039
260329423
1170333717
1586337129
245298554
1497532572
1487210319
726047182
650710293
301220698
68924300
2084936512
1291399873
922124244
737842898
1845898468
128606261
228505784
322107362
998721407
817620061
1355511778
275586642
354593934
1656798719
131771570
81733193
934684787
1226946320
501991065
1394283991
1686734281
825862802
1903277491
1042460143
485958616
1969225512
1962480527
893194498
34226724
835452984
348706314
1584527672
1193620256
2130468795
1707609688
1238358093
1886570496
1886964388
1190745636
777902854
898197420
502798826
2013572304
342911567
56320720
2127841844
1993516757
1202086899
494352144
484312096
4714830
381609207
1993577305
1186209584
987646864
73080723
688787283
660613458
88619249
1866290894
725657586
1606393099
698272938
1917696437
1988178732
382865471
1525486039
910129207
1591680197
50283935
358789531
196873120
929488454
1282189999
690985312
1663061168
460833804
505965683
925139772
1303810392
1588572540
1508437173
147874415
898804752
1878636116
587334134
1779488265
1885882072
520578845
1570638831
940303272
1686221769
1925843644
2111801026
1399544927
84208982
310365992
267413186
630615475
764813349
1924814647
550446812
816578751
281196676
1065816977
209589152
810068343
1310035337
699857093
1203240176
130877449
1675912139
1313490042
1645615171
2114297439
1869652406
895361981
71662998
467876801
1735962511
616901754
1764182257
881016984
661986565
248560646
1058867858
1379474509
1813268080
1189113049
1223937976
717129552
1438176169
875427161
779791885
575019829
661326469
1126097361
1886804912
1510214392
1702006510
860535680
1223818719
1023073633
105761440
595283662
411433022
1771449219
1284888189
1180033690
1974478534
1308329310
1144086414
1295471278
694520909
672775844
111583639
943333204
708583341
327222681
1493446998
1903993858
378274196
571622931
1129967703
1336854320
1213334760
129661601
1102521463
735155531
1880232917
1154919880
246959347
218650817
1695980404
2024246633
1870589740
713154877
164808729
562532926
1511470329
402246637
763362361
830791043
1165153961
1077722878
753634294
1806700209
48130708
1335339561
1517315913
1124299621
2077086812
88686183
1357446347
995758944
1034825157
135130816
429932320
94648999
62333742
970058817
1452103424
1786725323
706436524
513388300
1997810659
598770755
504837314
1776860809
784174409
434068725
1154908606
762809019
763127459
1315475668
1134431922
1728333997
1019348961
23405474
1941093134
1318577163
1383738521
1008804567
1002442711
30881740
463997905
744675994
10591622
84533261
375937641
724113644
1410211199
176363258
993053224
571424996
106492204
305016549
1172582241
1735397396
284047542
2085051257
156964673
1053562891
318200672
753048583
1710438584
923209204
1817803648
1559083263
305449474
719270492
446492698
1173841532
574842065
464794385
1189379610
1062518262
675332889
1734805797
1032629038
1046438171
1470250615
99775762
318186558
60405687
1147051071
1517542135
1661718921
816569039
1265127457
1742102785
2042155613
1585635022
1556152182
391008741
1003764338
814042839
456503085
208725385
1154878180
1693109049
1998562893
1477751234
1687060684
670162176
519876390
845751608
937718650
1326330024
854720792
972525158
443096144
1130007021
1509407999
648433854
936002110
1656545982
1965000250
1300171242
1098998485
710952783
768041558
2114095404
640553738
1921982798
1060284764
1885444838
1584624010
347194413
1301639348
320850486
848569524
593505438
280722101
781540025
436600376
523437341
1840927946
395828337
309198410
812589479
2049896002
342154177
1871122562
518505608
1593938355
1440763797
352418899
833035858
1160760076
1802536862
1141809957
204577513
726295606
861633723
1605125650
1991224764
1187922535
1353024883
1450978618
34795278
1675726339
405770399
1252567748
1552317554
350957358
1767057445
1034163057
843558485
546392307
480026078
1444472542
444814517
1888222474
967304345
63045974
405064944
822370889
967489337
45994321
1590125239
1133262762
1056886777
1541745294
558861857
951680501
1026101712
22933704
825802972
280609290
1954981360
1873507352
1954387070
1482916301
1729572712
662829286
2001423353
705213870
1357600489
1497400717
1938733613
640952531
1622216869
1741401995
435666840
1764485605
399187539
120963681
259109161
153992820
729247567
801913357
979507762
58663688
165683423
90712866
23358331
305725893
950861969
81711745
282085746
1657792953
317166272
2009671350
2118208384
677130438
266452789
86828273
78782072
825362983
208627177
2038379423
2108300329
1276132256
1162165737
295736484
1134266899
2125249350
148078674
208896311
939643190
1481711592
2123956604
1495968091
405938437
338521625
1507031603
1392603382
189140858
2124835803
1740366624
1163977871
19851331
667763946
709485639
1864171433
133791002
1174464930
1038580394
1679408822
196438322
991310477
179181066
400889530
2087705037
317354637
47747277
1498057854
996216299
1955905955
1009353723
1077331308
1844240156
841280089
2000394594
671943694
1435092343
1118012370
1445567962
108421662
203876515
91578988
769013155
961632841
878768146
100477199
376911082
392401797
1289643086
1291347221
1594277483
1918980107
1504154475
1732394710
1140615728
862798323
39520924
368863438
508745335
1828341612
1340004066
1396676461
142746801
530215060
1757404895
452946812
836633767
1986152698
66308041
1717721383
97390519
2025651885
1397159802
1460450731
230774333
1652400385
545744291
1348908445
782901517
558059742
1402342945
962053588
1532823836
2072632516
387184232
1844332788
343844670
1469964895
1786566684
1150378904
2128428553
1724067778
1783669438
2118852891
1715986393
1825422915
177088131
2014567171
994751214
970539252
2018794049
2020371723
1305482671
273735865
1915014786
665018316
1738573073
884498443
1914240955
309974023
741820179
943816776
595941783
1629460625
494926689
516694708
1629478252
340423899
1861309464
1377648400
116227535
774066717
1681610921
645949909
320364867
92572959
1384363223
575226893
193093132
1647270564
420525530
1432735439
2122981666
886229107
1751889830
101203029
1764659777
1016956163
932045893
855537851
849553181
1983657922
431376225
758596694
1990260659
1882772482
724981726
198728111
661358011
1263267969
670185892
1455864091
1539131705
553110931
2107906426
37344248
1254044723
1884640238
1514546445
612626822
1106214781
452326930
41730321
289785695
1905210032
113376851
345161599
946397076
15923513
1818850180
347305980
52168294
1678440077
1156996674
178963546
2135333278
666790778
653383898
246481719
102445962
242425497
955904984
432628419
1379912596
644192736
1530730797
1629148576
218695296
2004250452
1135622140
244331490
1915228225
1189205723
1688183553
168962613
2038823289
2014975791
2131700638
1039513886
1300050572
265440239
1356637060
820258394
936468063
1347304144
1113624314
1538089570
55531187
493160944
452686285
1346634768
1854069784
376424779
1815789780
1622285403
722275215
1908007238
245834271
591938622
880694208
655923305
41829820
549217976
315114452
925893162
2083864869
2005133548
1661414896
633260260
356841289
1569518184
1663645519
1815045351
1813034805
414496642
293081083
1304720040
575658847
991217631
1776561192
1897855513
988140431
1084195597
331610413
1186502932
2065736555
1873016144
824649760
1985520369
1988919197
1339260538
1954924556
1705666358
1753994147
1734853875
68454865
1359737198
1984797234
304977625
1459824537
1083159570
1932563016
1386314560
234850802
1260433572
2143320781
1947522458
1965548685
937414363
1491279589
975084850
1673503890
323630329
1411226837
1401473747
153004702
497259320
1270280591
1033617029
2081417818
127693922
1082356443
37420919
1640769977
1750844800
536183332
198891512
1703885262
773056170
1045062109
470577055
621912903
1799272190
183416718
1951802763
1721131146
1268854188
1462035583
124259525
1515970410
1550725677
87031551
647531714
616113286
728335763
1533597265
1259554820
1134791230
82226940
1196362548
1264880351
2003252563
1292696864
125757198
1596826713
1252260122
1292422922
823475124
535997227
583140701
1508079076
2014655960
1027100900
1538086862
1941840362
930655248
464553261
1700563753
1849781377
1129452671
891210535
1863794149
492450144
913304354
1829323504
87681686
1962248428
937685689
1935247685
1039707106
175691170
944593488
1105243970
1577059869
139458222
560689512
