441509613
1506251941
323667876
855621336
1607630167
15258330
1164483856
294135091
1876693605
791732090
1157074952
2120141020
93872979
1086184378
1384934158
1669661746
447634431
2012566239
1397310656
2085058530
1214131876
488088541
427414122
1821662991
1234757058
129116816
1219563957
1412086811
2123100698
678986390
1716689788
789792789
1223710421
603512263
1116017087
179875519
1921332676
396691538
1253063344
42156346
1050123714
1382634613
1426094827
146073936
7707958
304367576
756187331
319080286
1766374069
593855623
805638839
986088668
1345590724
378013578
1054610180
1289749899
2043974075
1545828131
276752980
2131804474
1418038469
479320740
567126932
1220063284
1530053891
377665002
1164665571
33641545
958934480
1827283578
1393631654
1672087671
542807839
1957306422
245660088
207708470
1295001857
129890235
1124415935
2032666461
1425921348
1645422682
1588681882
425072564
1063190837
1765342130
1444625910
857911575
408865157
189233383
268256768
1402862403
775840329
74453377
1681350197
394825792
932853019
959840739
1760928085
1442304619
501710686
1794244453
690280565
1625643295
1860063903
346320401
1504737076
994065920
1501559064
1221785591
2043603205
1249490147
254271566
31588397
819732907
796063837
513100762
581438311
1997505220
1187591399
4076100
1149294639
484001916
1264368811
748668426
478642368
1610927970
440102381
1959218369
1853530245
687875415
292214297
1930823251
2126714665
318666659
168639333
678233702
1170580314
103944225
1655002914
479855070
783363872
1026798491
980363941
640430712
1191135188
1358451504
931199180
501781143
1736039358
781394674
1968049711
1594282780
997259087
781272972
1356177893
995396974
679271415
1075670304
1709357296
1198674841
2085907108
91011375
1910937158
666263698
210074585
945531314
1539694972
1140509337
1960599398
1152947013
84495889
1943615927
245456329
446861443
1659186517
1672758375
1076278561
566154349
1360524533
2106504273
655305675
1391686147
1817601059
1093866801
1608315548
1760938741
511480166
1773277142
609890489
963377011
1722141435
1625568071
2078814997
2076416289
1463931879
1954803200
844618120
1968548646
2061281178
96377178
1664973705
1393951076
1312198209
132618504
576462472
1493584066
773647273
996585661
560429034
1645181604
1842401995
254464491
1033491618
1692521852
1716455416
1056752551
1813160041
2066386042
404601762
1814111913
876865177
955220063
1124001732
2112845679
1870710444
1700033391
2108348911
1098633344
430208588
1502759557
1646597107
340479694
409537302
497028416
569789734
2053577269
1325327856
1293317979
54066772
169882656
1701394947
1431440667
680690243
261508682
1152502103
1021625569
160003297
162925474
164466954
321353695
1590336268
101133640
313376557
1850502119
561528062
1718177205
1058270267
2044160095
1110736211
65399799
385233463
334817361
1121310393
237545753
170875745
351345567
87919155
471513505
176226964
707299668
1966761993
1705815346
1966153535
811025685
1197407568
422170194
1382684414
1162398134
433639442
430079046
1302073044
632924905
1598485529
472842522
1024448007
1927114769
283697757
488801725
1531405464
915278388
836967687
1423828552
1481475934
181368591
1466288673
1609320543
995488702
2015970116
567938781
1804563888
531143945
260095407
880645503
1023417497
375833970
179949014
664815591
1854290150
1726342314
9535358
1018095807
1011877560
1220812314
1258583386
452318525
800194945
521904317
1296340191
1395775893
6328619
1190521495
1776573747
590979583
6039384
1643481557
1620278083
1760096864
450014916
280794498
1403997428
614428312
474304199
276805604
304293233
45571431
149923063
1612268657
348079267
1425371132
1574811371
1215132529
476746687
263796764
1131413018
1906867505
1870813432
1799788267
23138273
2087775969
293352534
1249578586
450266019
1194603275
596760479
440827694
1287575819
433645488
620956529
1189969321
198721645
486685697
1953608561
907282135
1717061450
1464414135
52732830
1769078902
1298828018
1979985423
1371093183
176131459
2092741444
235085414
1360578043
1375592797
338696081
581805164
428214663
2141313944
497913759
1490217480
1567095417
1223710305
1696469705
2044062920
1228562876
925938057
986900291
559343875
1927401500
1910031408
1397900156
581573774
262644609
1302200079
1588159388
1173732119
846982457
1930045793
724776237
1247055393
384183150
1588511343
2085804758
410540700
1298851767
1601745335
1460890177
1872676384
54226121
1440124856
286418462
517805510
1910891854
50229597
934319681
309510307
261051854
1866776579
2120024039
1033400290
975569866
935610409
1023926294
213952125
1595014120
523258035
394766882
1142483608
1850902856
640412891
1108880459
636349050
248680436
1502558900
1446780036
973256488
1865079926
1060642908
139161423
294833824
1227397764
1829169598
83688131
1161318319
677332183
1678772481
761268144
2112573807
401637402
1350679441
1864536793
241498209
1990816509
64665032
415965279
503350051
1908165992
1668783928
1238967103
727591118
2127941837
63949208
598547186
925844206
20564886
899034184
298428723
1280367902
135174590
66735746
680591837
693199936
1831787644
1930783263
87439090
844091223
81378073
97169667
911213240
745421825
1921851106
262553383
846385661
1400346772
324697146
540336961
1402073212
376935891
1899879111
981960722
1187240280
41794124
1585966796
1203218508
377736645
1731727698
526857623
183424797
1640690630
1965002643
1864967953
1061816156
1316839184
406316885
1846259315
747756367
768312846
512108113
612908056
164357911
460244222
1107105580
1157948013
549285816
1563406649
5505166
971837444
708235465
286203535
262929377
461019336
1762087604
1909905616
1454489000
1863376971
728488875
1776628584
900548985
353834811
625444136
1524019490
1498327961
517709300
1193000990
1482892813
798913074
861519407
1462129089
24630652
887767091
1222381015
367399663
846081574
1836151748
1435036924
439090234
1314317934
1587247717
1326166241
2037164179
97213118
1329663138
820260399
803149972
62074892
1940597621
1787786317
1807229033
436886655
1526618424
500673479
1142852188
34854954
2121672773
524691947
233478140
2124896246
1992087852
236055411
1183067114
680301727
845963920
1058392156
853378624
37535701
637656222
981258965
574430622
34269570
2128734763
1527280467
954711762
1371420459
1344035177
389739457
2120531235
1429532528
973526598
1365920725
1353227579
81099693
1898588258
1592402046
93275310
1954718147
452662954
2100889721
1297438763
110778353
1192209046
227297283
2077299262
1482339547
1133718779
1683379625
1302691007
402562477
256300685
1855429179
657430235
488371289
939707893
521010655
1931186620
459745276
1107996043
1892611137
1057549784
1931225438
1413638833
346085864
2013717203
1862985112
1661212875
1168348324
1000283154
1724221648
346333662
228952356
1127969757
1439755040
2134716100
1761679268
2006185776
589015445
1622186249
103805379
454892575
1283886419
1136648294
159693682
566408419
1896940246
1962294743
382765320
1346029957
728138579
1071976027
1749085299
2122588709
976613949
171011912
1016882058
576121831
436867299
1643710024
709761405
1812628091
1030375990
1840320244
1032785262
1096419400
637352105
209348619
1032441880
102897461
1884973105
1754724943
1605839533
508326932
978253420
1171813116
1560617151
574836394
951112414
287697894
650043220
1192507487
1217823062
2083896110
1891846940
763599743
1006985327
1928479904
1283522494
1112808746
705074738
575948460
2005512782
982643678
2108875993
1617607935
779880668
1332272287
424135086
175116990
1621236006
1183578305
1574725650
969801311
1930682477
287407698
603120282
1466761507
915416676
1746453798
1292559444
54666292
917724485
7330431
346307623
610086231
987443455
1020683609
736922712
1164125517
570333066
250496336
482422825
503622092
372069466
2110191151
1457428892
1765614869
1600585969
532111894
1864927573
966763826
120114319
738880583
1225433757
172469454
2140292357
1873616525
187104643
2010118064
91527848
1137836873
318798109
378981589
2032464224
753653274
690532332
976689194
497119456
1411011880
349540445
118957539
295822832
1472634126
281066348
501315963
1571284709
1046026594
66251619
2135546440
573541683
373928929
431998145
206065594
14743065
971738172
1088066357
1033201456
1412684922
1709187705
942838985
1213119862
628735436
62029320
1632474396
1927308767
517479465
223968099
893500104
608135420
881037187
1659439712
391874786
1506489590
2141550581
1546438422
487274143
1232042381
1222722356
1625487210
1174707987
998082989
495671076
578131765
1940859669
164363434
1215484807
973061395
540489535
2040326425
1052802256
1606959563
1911068690
389460810
234897942
717173846
521272886
849414501
923791396
1838826638
1537940702
876037920
1904526253
1283780212
1886622794
660282138
893562012
1687932958
2036253286
2099636183
798700682
976696379
922794896
774175321
460790345
721386308
1450364279
1217679447
669832349
763800897
283774495
969754652
1465339402
2085428789
639670528
1364866047
631458761
843820840
1524251726
1207266171
2084508116
1375524303
290945108
1682576362
1677653537
1845900505
144036602
1815509731
847426795
1589063384
921346405
657685548
1146255403
1311604171
888506813
587337054
1680319526
1287092548
1362763530
1048029460
834968352
949769530
923015480
550761423
1753205294
577586029
1118817081
437621866
2052682025
369557874
438868297
1877596724
1295562686
387579226
1015632205
179464879
1944306083
1057479427
1265002325
1616236772
1016042468
1002947578
1233664064
1791191137
379567451
2028964875
635147391
333495761
1702548542
731272296
1077998834
664674102
1314388690
1210447730
1153883118
1221703109
867876158
2029725478
2128741472
1238639453
504740474
1787349031
561914123
1951350182
316779110
1144107876
1416367597
1138696387
1367175927
1289005157
132019647
1051685811
1753554572
1371068984
561253788
1237473353
1511564639
1120280818
1407101113
162275526
1726520343
375028196
78153298
1139180816
502135162
842997852
923622310
1376760209
1385383231
14297364
1433582616
320154031
1743299073
1046358588
1961075063
2081429475
1382106192
1342708255
1093465687
1394099576
1504708834
1343499892
418718878
1798083554
1656880103
2123703876
361155099
354644409
833667962
510003314
572970320
738420048
166985523
1017446636
483421264
717973238
1865928409
287745645
2050301891
1882481865
1949291061
297505516
1862667271
233892401
1503728641
93771940
1358080625
705004800
735212032
407010753
1016345777
967057956
783954983
486000804
382245971
924728327
850961657
1317258963
1575893090
1671779460
1067097328
1371347072
1512139559
1062130821
1461457687
932620980
1563402767
1976044349
173139125
413903384
931606954
905488127
929244707
2036045920
1025617872
1780326842
1777168063
1339166293
1549700574
1246509841
91533817
1262769277
