1426181
2036574473
1249911831
1096223487
721441591
2002967193
220773807
1355962693
320639218
2050473193
1725442702
1580594251
836004368
1013205910
41172275
1233126587
1960503498
294496019
1774655480
1030033997
626157430
387476032
586152868
478618608
31653489
1053196197
1621175581
1145469076
1037479447
826986571
1729184827
434684562
199681775
192071223
1985566135
1970827193
1329541604
2018196612
2145290818
504113142
1920129710
2099648284
914150578
1572818079
786406992
591354898
160536919
1395057244
1431666618
831801503
618674284
924512178
1123812494
636255160
129469865
518191661
1433353215
230486088
1138661110
1825893418
588452310
537796879
1639945273
652234046
1455525775
1552568343
506204752
1475630919
1885392288
1726909390
604599067
760091149
1488418521
15248325
677160112
740573075
841146342
1754668804
1520753074
293176064
1069536498
2063271431
1365259451
565824549
155672422
1569108569
1880258806
2127475115
1433593295
1873954252
1616179658
1915159514
2068785118
127388499
326624177
1198031368
1385937032
632013692
1227946023
952581276
1682749518
438877836
1188509373
233622974
2023666071
31211064
1894006092
982659741
1409849657
1501411582
1459325255
1024569180
366351638
2049718559
1823720490
2078459802
846482147
79475001
602613007
1506342300
1251842308
868925572
531568991
1679714841
62176147
933183657
1238402725
2142158499
48627584
379295546
876681086
2074748077
70075858
512648402
1735075245
1308113725
1514780940
113626058
1325200203
289035567
420755115
427632789
1882785051
901749283
112955083
822588857
2062061564
1210715140
976870376
1064777067
766118775
2032802614
1879594178
1712675525
916790136
975639387
97196634
511200422
1271800602
1032145602
1216652314
1692810278
888599195
1931452013
519605265
281127092
185541231
1494770878
1298111836
729254863
1380830576
520003773
1284187808
310527581
1906801714
450568
1261679283
1898432939
1947087733
1164168536
76507482
675747330
480688052
574693804
495876653
1299237090
2105358298
1747205652
778048407
541594846
427077908
790648859
508069882
1097145619
1095728577
1174454994
1685676783
1179078214
2112135559
166362741
1537626283
1643507610
1442612351
1671354557
1671289213
56018154
1174990736
1159432129
1918571379
1017527497
1981234137
1366378889
485854237
1484407827
1410910024
955298353
312921193
1072724272
487383112
1843229367
217118893
750393573
1205369495
1012073057
99102404
1950588630
1540038453
529151182
148399183
81507228
1075161464
769517207
2082187037
706519679
1877902141
879069857
688964005
1821716688
2045260345
358547970
2128635312
1835094246
2067409005
915261581
1312759572
514902707
646506936
1959534588
565997722
230790145
1345960070
552305593
2073271553
1395995215
967777190
1649168201
1702411804
1602494530
604942138
1776886101
1621421078
138924234
1602605767
999368022
1183733462
2143521234
344581740
1532300765
1902465917
471724195
980019504
761080189
347963404
1656799702
1423075956
589012054
1390034723
603049716
2109857927
1756653630
2080894436
1116732332
2046465624
1898286477
794777078
361796783
1952481862
835989125
359071142
671414828
1275361300
1397243740
895359015
381040611
2114144248
2075061480
1740044282
1063503080
787905746
1356104678
394462569
386680055
278760314
2101953255
2003852077
1979368814
717317426
200351960
1570327343
1061195755
1329692475
485831212
1575497067
2104183938
1339588995
1737356968
827718385
961072539
1368911483
805861835
1592809221
1157988199
830289415
1566363607
310102119
1669862653
1140311439
1682643328
366019757
1094495509
1843316531
1339873328
31477708
573261919
424567323
855309557
414454197
1960381313
1062170091
958774280
989586459
934373036
489270102
2078396155
1539013203
522968282
1492104138
532639614
2144134485
1463076006
1297412681
1503261901
723244511
908786887
1548818264
930323898
1257742009
11152938
2140772880
1723838802
1169414419
1794692524
78706769
77971503
1881910538
686485361
2035582998
107704410
2008670281
1660796387
931974116
1029627354
1257761996
889112139
1135696989
1358051806
255361472
257408261
24156401
2077880962
408285319
1773845347
813461940
143215937
573777880
537245985
553696330
587070968
2002124546
510256000
815572478
1879696531
1617670992
2010319873
559936754
366132054
1366595976
1121257663
1315302001
145891274
283256206
1101561961
674412640
396165186
323127846
513686491
1393925075
442505224
1699173079
1468512089
44093117
1391445033
707295722
428166504
1474929343
2086935258
2075892882
253097288
668350241
580833158
741281573
1506422545
1080253406
1537674613
961721224
926635880
1453609945
1210061594
1658098602
394411231
1550272558
897710073
502620711
503017703
654597796
1065920307
706290444
693464690
906659134
1833154735
1280990906
1431064617
1599874288
1509061351
822763747
146305095
1476332911
1157750604
1055860146
558951440
411438113
867662679
691517191
1498981618
649052212
418492462
78240736
33290550
985488843
2089802479
1452809171
1628376675
926757458
119951259
1725774007
633349936
548396018
1547657378
965369955
1397694243
1689011744
741414151
55015566
1116915146
890608976
119527215
951650006
1554412437
1018661832
1338050124
867522268
1445319246
709898639
1383396448
1087021196
2021815095
986999172
1123973873
246550650
635333823
2058489226
1226240072
1139258472
1292949984
689769441
1291839333
1658678756
44872984
858734480
1705034882
1530866958
246425857
1676680702
1347735618
1218499959
1418334351
559442849
804197238
148000549
1174733030
641157581
1464067468
1142711732
1157813974
1486950318
140294037
938555287
1097425396
1902477393
1794721265
1933907835
131098454
571609052
1808399002
519102924
2081084906
358484446
75622921
1783425104
1009297011
1286179521
1880847560
214152690
1521254690
1368743516
85014421
713952410
822600397
2076767653
561878064
2034081591
1201806286
31245700
1974320322
240265694
2052727419
2083684546
1163512810
1592568332
1966658365
1181335328
1426199397
367958279
1015601231
1463206788
1485466456
2039425635
1600328469
399127375
1957620797
953069729
1603404054
1322496202
1660558696
2085644786
186398360
1016490686
1444626997
925177625
2054006999
614847266
1937510352
789896814
2073633249
533843695
425702817
1729961214
992401425
145543440
1128907346
574547920
1660601126
336294517
1737101182
444931907
1470949631
1275345223
557022711
1282741907
903314421
544170294
1276505268
717178
788677845
1993447149
1496347734
1846737395
2123395704
169457831
806850901
1296257049
839747841
667471323
1436255947
34436654
386386611
1696368659
473293789
215308985
1861358700
784842459
873051586
1412670150
1290586050
365525204
221286513
507713105
829750457
589968360
2017933291
148189373
1718801694
1274035864
21976098
1256716159
378760066
1234637937
1822964101
2046253272
48789462
652398493
1941401641
1306948799
823092128
1948770709
393888661
1247891932
1816340440
1513121012
1027884330
1256038577
1884810849
585857639
2047036205
1860783828
475336999
1479033537
1226839667
1902103639
1657909457
166012971
236677288
847971656
2046934307
945113208
905573691
1900228947
673507572
1154019991
739129065
1643166598
677815238
1162037538
1532351461
1845863469
2010501895
1742093331
722524833
1463279324
730637539
1442786197
1024704828
1302089355
67925700
1213310456
725201288
249176539
601319783
1424151231
1038830518
287863159
940629148
1178549460
143042977
1120150166
1929882778
375246300
1547177139
1546268572
1570810620
337505444
2065645688
1086494944
1128623452
1737216186
1930714045
1760190345
333654923
1887780121
1637821028
1301220497
575080298
92926972
1549740488
1727292907
912308328
10900947
517382599
1709511617
810169496
2073804115
1726612592
580458454
1510117741
2043759272
1426939466
321460491
1144256021
928051142
1588347199
1519625469
1639979376
188723165
494220324
1363782091
1540122028
1996301291
1668829414
1393134069
1547598719
8746603
588864338
799296608
950759167
267528235
2102409856
54430326
1598535713
1613303867
1161256669
1725357674
671838412
1728981249
1142308564
762688409
1839078041
1493425258
361673753
294025996
626443818
1464770875
183935890
1184392730
525407780
606854021
735312354
239397162
1290090442
658051639
1317512850
1297901719
1146653495
407350222
1611980766
1289589164
1845384504
386565159
658282778
247595470
215708867
105762164
175748543
1769143737
2027271704
2126433869
946414358
1474501346
1780940147
382742238
1735500416
2079710460
114697067
1679861567
2125573728
992766359
1459289322
1108672737
871793573
1788777442
1362143433
1714650403
2137389559
1496949393
91282696
610128644
2117432445
1513247194
323259815
1416107507
753063241
195933081
341960483
1524496323
59309409
117223315
336934544
1160574906
1522008939
1652557271
1708259664
1157705929
1162996468
1703335232
1671622253
9148629
1458521693
441960472
2072224665
2026087220
1121701218
1647651031
1050384319
413358131
745640520
212746505
1585098053
1878791124
2132418467
1930724429
74991073
317930901
891775169
412166521
164758037
1872325483
631969462
1866462171
968670792
310608334
2031180805
620629659
417990531
1760854765
1127028968
1130888252
833479108
69197571
1647688253
602913857
345266690
410466241
429120781
589588716
812907966
1660135659
199254201
1733734177
713159235
1811531775
566899139
1121559146
540935546
1157147919
1716631350
659918612
1574482540
1180137136
1217227955
1981451382
1369092948
2076826379
244962074
1262137681
1467308896
81491985
1695515089
1116728403
819761668
931837131
352109236
1557111478
1744759291
1044850127
1284293273
260986629
1610477020
1052018382
2061303934
129481215
227564629
173177675
1050821970
379824020
1041870342
1991927910
1942556253
615952908
1650319100
1000856022
852620364
428145991
321787336
647300086
1810446557
316165151
1096442428
1434195190
1346454819
635847145
1484680641
224864050
11174518
110230043
696424280
688113311
224368635
1474574343
1804113195
478944098
1998829260
18321606
2014467535
1848044411
499203779
399118640
1663269657
1568720286
1313973736
1346109959
1971939482
1442039586
1897671796
1075547187
1006337976
1228443410
1374128002
1230446376
1761919850
74584162
385043537
1827445604
591510927
395253051
219186744
1741251348
1896947692
311911799
1595769127
1840222934
1275280064
1386717737
723481301
299287705
1086063366
809371731
133516428
1858264737
1966932551
1126919355
919183245
78745767
323496473
958325463
933109280
1881620765
341976375
393715941
1059709757
1252936847
814374974
250598167
1584155344
48732453
2041095170
2028744684
879281325
616144965
932428683
1307000730
1964813328
249245781
957497263
397174951
1283902927
2051623070
351158861
2013655959
1378412318
244027724
751186723
239228864
1936066303
824250770
223410253
2124956473
237329476
1059513834
49337435
1538650097
802134594
