1931334942
1147943451
1165383562
770153576
1346832197
70406324
994075845
1682261146
1600537877
1326914174
967354630
1228878096
1363803427
1364513144
390922054
619504241
162366643
20804152
272946897
639276498
186719423
1599908296
1631409422
2101237542
94766359
125077275
1929151101
147558465
1375559586
1310296619
593302720
76299911
630375874
1344424624
656115664
145725749
1297584598
99127422
929454160
1680904779
116522713
941447036
1110331646
364067861
661872679
1414453564
969997638
345947477
259707744
64443964
788951793
1252662799
1650323045
1516042424
807191802
2129450737
516361087
888589098
94278017
57191772
1666250144
1443912800
1806122201
1536230931
186767041
65358647
662604732
1043101823
428042858
1636275193
1941859998
565185692
1981060688
1349982545
1163980830
1417686404
1569762072
1753121511
113334425
150600342
527085370
1014049692
1778039001
275267907
1119827457
1311209827
188689899
45222261
461726894
1448253626
1625706511
256196251
328198076
186004932
388390600
622763861
871938623
1114008837
1339218962
1148763577
387891558
1821494713
70543539
1329494592
1066032671
734193617
456709034
1115292497
83769049
339902347
1576496836
1228931943
1758174053
1987780781
922016334
967264225
961938678
1624271709
1322424805
1490537062
682054727
803738784
1313465449
1489020658
1261342684
94909549
244728080
657664130
744293472
294525805
1038853014
1805235800
452053293
1236961874
912054674
1893993451
1954663147
381928657
768752356
959366511
1196072527
715889213
1115533131
1187179260
885030149
618601922
800602899
988464222
850128552
2072471610
1954964715
694411128
1513209838
424566191
574875349
1401606997
1676151265
61870190
877411382
2136730061
541403976
950074308
939310861
749500880
274839076
609939544
4597313
1362320466
1112830806
1965435940
1682855698
1454605779
109035102
546420753
1921031090
1417834121
572103486
1399178543
402223341
794071853
2066483325
1296851854
1486634243
575993951
694234951
1448643772
561275286
1873885879
1833382833
752425947
1516780222
2073187689
1064404763
1424289117
886816058
328395156
1712963247
1248264287
734627266
952528935
1623199749
1707414431
305417080
267477104
1441510889
271112220
1270859644
1900606787
1101897524
781939529
2011120542
126999235
671869398
1277471469
1534665262
140488400
1663224822
1452979354
172085488
1496047117
1773120816
627393223
629520684
630785932
570774013
616958348
415293153
52474137
53746481
1692570874
2119958810
675001888
278887325
1835985685
726805848
1836219196
191489492
722867056
1014945838
1682477148
1395823627
1647656547
184790252
860359572
682929178
1959781866
532047475
1781237374
1192059295
460251677
49947432
32131147
1139202113
797051719
468502020
1087948394
1839179794
1232839590
1720194759
331892178
81987086
248931007
492794700
1421018864
1797501632
1747623003
2082341880
850331176
690745604
1527029025
16155980
1815608074
1654056679
234223313
1140119706
84008979
1085008554
150803995
615689685
907013405
383409638
75111450
745781377
912297572
1025300681
454923632
558039497
2059239989
2062845822
1059932414
628230575
1288169269
77183915
180680768
1861454174
650814795
1099748372
16550724
647415963
802831147
1610792029
1354416709
1833277530
1089444480
98199276
286467816
607528045
278682805
704430829
201299730
2107829847
1917925985
1449054319
1118921572
422470463
2090094413
326472876
1144757076
515677952
227759394
1004916838
1268236521
996478557
2010554036
649427564
1453309459
927384146
2082225637
1298341948
1881904548
598042245
2117033527
1780969154
1101982191
65137883
663125490
2070365503
1813648123
683745320
1144246254
539022405
1040457316
1696821246
1474146302
2080664286
836678351
1760847782
2108273657
554808268
1607102728
399335981
367231846
572277996
590482618
2075012501
1330724803
832996020
1580988106
845639469
1798956914
1898969563
1074139984
150846203
1723776321
2122608920
337417522
411660373
1492082324
1760236802
2035595615
184978831
2073088561
325664790
1439021989
1833487566
260733352
1371701463
1487273776
1224440827
972058461
865574928
1459094688
1801036244
1515289396
1176537397
80897989
708977180
1189570519
1838749416
206028538
1788130035
1244340903
1236723095
1478940187
1400870208
867872828
478047810
966352676
1068704330
2065014683
2058341210
1001312871
376397926
1310017011
1156032965
952293482
204533963
1372630292
1184303102
1326069595
411420801
1198571117
1547470170
1896275504
23545464
1173869760
250880869
198395743
863918261
784891492
211712875
2042563895
185565863
929684022
1336838674
255470042
1981265560
742693150
1883067172
2016017623
1249907775
1819954745
594853739
68866152
1381875314
1462327208
181876405
1911699525
1158945272
688540148
1887410168
1265779746
1912792956
1526229020
2018333070
195239884
625920670
1430606398
438991777
2025347804
1483337764
1901114590
1532360354
2078323221
1869325646
1700750037
1241100274
54711392
1830867527
2059002840
259346084
1641495905
254568887
575742372
1019718234
762765237
1085144950
958954947
2105904715
653785290
768989274
372193790
2129816167
372115548
1487988017
1537719648
842511505
565675400
1282161354
895082466
612490251
810781582
259438894
724960952
2048250096
1352882216
794866668
1751218999
1348485594
2019497345
373591442
1031865953
1320145315
985860564
1040209976
1495104271
1205708617
787605154
1891085622
449738937
1287379435
1272615311
286658037
1477595365
1574394608
595288282
1253916643
1090427178
991109191
1623352695
156251520
1440977888
855404744
829029579
1505900182
1580546407
1586779322
699040772
1729829253
1194282000
516443246
2114823954
215777212
39223467
1863618312
230516037
46212932
1473209774
250360669
1156613508
651068278
1596216062
2108146936
1429722151
1824648909
354307165
1224795959
336274546
2011555798
2070503537
2091501715
212512687
1802562372
763080301
1014581245
1087966183
1289133344
2118048862
1578159715
1438356540
2081231645
233728020
2028928593
452115686
1255354889
1813634219
1689418677
794389704
849490016
90216117
1728196027
1886525102
1480814587
1475174661
1363442903
687467558
220528870
663933979
270872289
1543906296
1553612623
659423783
67216217
1913974338
190520985
1887672764
332222924
205213749
283890576
421808402
2147257424
1219674470
507490231
598199287
1587652649
1058866386
1308958654
1125822036
1967705742
1870813041
1186324240
284257624
1382078341
217427573
1004901000
848576835
323203307
227303199
75111491
1279359441
1263989648
1351756350
27007632
1251538753
1684367487
657999174
56828932
2055334400
1381785691
51223305
329806507
1489281783
1495523044
1106779668
1176752217
574938734
1349958809
1019913897
35763742
803574683
1871708280
965768788
1658761431
1818620619
1129632737
1021254444
788741345
1603787820
292983448
1469123752
1056729833
1942665525
1073649897
1540815899
539017183
1556759218
1391301094
1530098381
349561353
704601455
53618636
643037112
795002164
532273024
794237060
1366595292
1860380677
1896640556
1694945349
128861247
789337197
1620128884
990039126
1658729605
692073787
1501747779
1066346481
1817961767
787149515
880305203
2075579716
370486867
1937271004
1985673209
911418513
394483808
1785849728
1501720943
982080372
1944178412
967430444
1860426813
1318796869
247376789
115460079
8756771
630427027
2064052816
1295072192
1637858276
1856346577
2058615145
733826031
1485521618
2567949
1742542615
439356862
1233813747
603863771
717770427
653027849
136598989
1817161296
2101761973
811394080
1776780755
2136161834
231864291
957266869
495950444
143115021
976243639
1655700464
1263761564
1715346408
1766798836
1436428705
1329494097
816616566
947441925
1117545101
259483212
1905979873
1682332666
362995689
719682218
693593985
1470807328
1084681701
1331293711
1227281857
445928507
1389988447
166033262
1491522850
1336374882
1162607800
1525390454
1799237466
1628343672
1548540100
1316642460
1906346132
1425175874
574947035
118189761
1907628763
712855594
1954761484
230470017
343180689
435400079
1298056561
1105231384
719049497
420707271
1283605918
1596105200
2081093269
774234034
1798413107
1678103243
1207772105
933800956
1980198289
315480457
736461598
96850414
1227629737
665149335
1888281539
429573618
1383681264
210954484
1870474734
1379365281
58853487
1430201569
1000503104
937160074
1395670774
1917280037
694532935
1156963458
883908465
276397050
1732467229
1297212067
1926800466
1082362007
178233133
1552110051
828501294
1039632987
524136982
877381201
651124580
832886419
1180791720
1953369069
2092507127
1037229288
1131079947
1517504549
578394237
796782184
918681342
2132738280
1307433265
754264879
1599295293
1212037993
632867363
1220632753
717984252
298290290
831716751
170869415
1800127889
1954911330
851187018
1473513620
1050830382
1080230085
96456024
2055870963
2034659275
747031950
1854922139
827593471
713417762
828448755
1234502822
2062486558
498036436
1010087141
451718576
1296149995
1704389033
1311669547
1974322084
333724639
919511797
979149082
115762005
1851154331
1298884630
124765683
1412251343
515514068
726103577
1740967641
121414601
1337460187
999854716
1231352685
339359542
1512517832
1383050766
1879746056
2116917242
1507097923
243045363
1988715412
500775610
1861144302
2002142916
245409543
902557900
1272115314
716230099
203807358
2016848974
466631461
1232295051
570015730
1324954450
665309013
1588436470
1982426009
1704039479
177915700
337243737
310266331
1246055699
58224223
1514712314
222186223
756561996
1323575308
1071980546
580185618
924086342
731598288
399950973
1135576676
1680309302
1098772747
1870193789
1084404575
1619802133
1025640689
618278239
592750324
1702758833
1382496053
2064656421
1267168068
1592333533
293203284
742823426
1884830199
101990601
93805691
611373813
1706800957
1190985836
2018523669
2088992909
172900959
2087317533
496960245
385800906
1926561281
1220049474
1434912541
2138454308
2125435382
1480250655
2042374185
633822629
785737920
1757334480
1168626779
989615153
762251939
1437262930
1671325764
998032358
1984680036
539399355
1809891595
1952429214
1644021667
1209751946
1941465437
377285265
1374241490
279420697
20540145
2037193240
1488137937
1308201007
1369140918
890918284
668002344
580320178
625767836
1576417101
1378740704
2012783481
1752830972
1149331935
411521022
1295148608
1299364261
749228078
333629341
189191861
781136004
1991421938
84289191
2027680175
2146245615
507535405
112100655
124765566
1489363598
1512775121
119100014
1577516125
1295650022
1648740480
165642073
498883588
1117766275
670263659
1154119899
2058841178
845393858
1620346459
181160884
1359058760
1962294841
2062508750
2067786734
865350569
1001630147
455078201
2125216247
32443741
215227435
90592877
1695809376
1957567613
1608096116
2071396628
2114370865
1024343464
1313089218
