534607706
1003079142
691789180
540095977
1605573800
1991163147
885238049
1838284689
1987924363
61093487
682391039
58004994
647655347
853462792
1791144592
203037330
677069848
348436835
1116787279
2093686696
1256114487
1370183621
696600271
208003436
1579156347
1813388772
1644017641
1102552845
1367474614
1050645563
259542286
1005649582
866395086
975763214
1411840443
1982072302
1737025909
1006275322
313384714
1603588370
1245424400
1707499831
353694820
1850102482
122011321
748741998
218515796
1916208829
2005511008
1268657969
544559735
316022857
1570974732
2021175579
232838032
1543004283
1188357439
1813348230
598218936
882662447
1811467896
662964450
1602572466
314612997
1760981458
1943714232
290060892
1359652584
185746378
632268348
1670870850
1940163644
958100766
461632392
2107438413
1915181731
3260624
183130747
587530649
927156844
716363850
1042071085
1448097380
1891318426
1157050267
1085960205
721393185
701997964
1191185375
1042832282
2001225133
1884146254
1999951293
1881535418
296974233
1247452795
1458295307
1547525050
1361607333
1897745612
500859532
1214440931
1116470606
582234178
1875644633
33530293
1300150399
1289710572
205538653
1751405507
2062996323
228005717
1476111481
937283883
1469215322
1605863310
758754249
49895599
766968585
893705939
440101246
60236661
1878521740
2138025181
1668974570
919799639
1408811719
1628899780
620025627
1227793640
1948846042
933311886
1962294942
157694724
142020274
642410072
2090352997
2005981715
1250144188
169479967
587374019
2101235930
572786869
1126795563
1450093459
1305529597
1848667294
795585050
556219001
1509280021
1625628875
1381200005
1666765376
1568768618
1703975193
70291793
279074659
1839845453
538182975
511397780
672413095
441505557
16130366
1949673761
2127319781
1432203444
1737841394
765362610
2059348966
1185465589
1451589323
1297356465
547528039
862137172
494288277
491627939
460651323
1622937721
1262681458
1885916977
635647888
679262547
119637994
541450453
1610284105
1526947277
409749273
1467404061
37861515
1712239920
979231750
1480018591
278381652
1724886549
526333972
1554053498
1935596613
1163160581
325428114
1698004868
1582126976
1731675311
91159405
373858069
1447795116
2033063621
1049190405
1458527343
1221550869
1178727539
2083024668
2034085321
260096241
767343484
1626235627
845865462
1554939837
1574556915
1235669071
1116571575
1549017542
983627412
1830409761
2040676250
1750170564
1906663357
398045091
1864204940
1561606561
1917955084
890878997
285148930
544582999
1452275094
1203580264
1071517376
51603958
312451264
1430040586
22054725
722422981
1483066302
69565920
1979942611
1309390465
1746598822
527003218
1803178014
696440513
898122032
132035967
324118161
1751387001
1471131404
1078404241
230153527
558921373
610245600
381803820
2133240396
973081565
929941981
1820822016
2029152609
208304271
1171205629
1770016382
2039682598
1969448875
689090779
2109980584
122022359
1754252271
730915630
1518753792
1114318150
1930541603
109592547
58521762
1265774977
1327717751
821900759
1886792046
1256120607
1664348168
1647235886
1844570717
194329644
1964634497
1348766803
1979451381
751165614
1974220254
577190028
496633047
1747689940
1823893068
1589575224
635226742
2070654906
350318125
1500612776
1261925090
317993435
552498743
722960792
222272962
1313463828
799748028
676718665
1771102817
1878242897
1148211716
1723301948
626266335
649901782
1390889942
1026306444
1392776327
628481836
1415727894
1991759081
1217751361
106930086
2070011016
1387758893
1245853214
2122864015
1494582706
1597780124
252460817
878583793
349756128
15385533
245825469
369948420
1023718209
1547560911
1208967529
1285984306
184827183
730525418
29072913
119552195
1687671948
1936402356
925172374
1149989162
632003911
1841590972
479617557
1513140971
658899966
1447007094
1824861268
352348967
552756926
120084179
954743129
348443590
1691240421
1260079484
182352917
859829567
253988137
136730540
2057891390
881572615
794848433
129847464
1976122
1833346195
291883617
1236854747
1953706039
1962294540
1705961267
1864789394
1142703959
540091279
1491166401
496507216
1908499465
154471965
503496415
9002959
1638755955
321507622
704675172
434663060
660356107
1931023789
1837793290
1955432237
599425861
171116567
1200809579
1828361226
1668028518
1374874006
1698510379
164163830
69199224
1622871597
1002340661
1129382192
868101974
1798205791
264924701
1492569386
188013031
747023224
1757750437
2076213725
1508801895
1225240951
1378893915
890194887
565984993
236939670
600378208
723560322
1246199225
441826936
1253073731
453370370
1847560293
1821539054
1473825291
1252074091
1531488828
17356902
670909780
143849357
821363815
1726826993
1336659344
1501102845
954516468
865644016
1956130671
957217745
871524105
1183101018
1217945945
1011147511
531161909
1077921707
2021224216
1123869490
1099734754
833869420
1500265875
973665971
1495093223
1602296668
490440885
1620970576
1118171450
1197455928
66100589
543950435
1808867779
370460460
790786510
1364299074
181100107
673996502
2013453654
1449152342
1856088211
1828254963
1735906123
963045594
178408833
1123066792
592093505
1980714290
1877908597
1090774383
1658147769
829696997
323453370
2123744156
548831972
1820158777
1720456729
435430283
1436037
1442542186
209737095
338656360
1997031412
385523078
727928574
463200155
583480638
465818856
2059353961
414834126
1440325738
1679090255
131279288
2053403292
1981014998
1961541018
1897700884
1451868375
614624448
526494498
1979810348
1728514422
322967778
1850910132
243584174
723314458
1063881780
1158884905
1164854738
603420731
1492181205
1555315364
1820098320
647414259
686371588
65970024
1866028018
1771976039
1318562632
1949756243
1895589379
651616718
1242548400
1910002171
44836327
1696496927
561696053
1024843108
1141185412
414584155
182865467
1758118235
867712862
2013633652
519310134
1131825778
1017927425
1855389913
688213098
128811671
976971415
1843422367
161360842
540296531
1887725977
873977165
736184834
1814109597
1509598370
525583940
1162514832
202041176
727646816
1934692297
928500237
1744096880
409275811
1895142577
397925770
370992524
1955347096
1622104232
1090900501
916139632
1448038671
1187148061
572692827
1384287731
1775692279
1997855438
1427175527
210945431
955847148
1672338923
1105783177
1696738506
530531047
1452231401
590084690
1146586040
114099988
1063877094
882526139
817355211
1620358849
1418696372
2092948069
1779573184
1500308338
589325189
770458875
697412967
380641809
1026571313
1094878899
2027580151
1203373634
1485030438
70079476
1462066699
1513046229
1236748524
1843660562
1107390013
1873539925
1696957267
837720884
1866745182
443706045
1226899772
568013655
813209423
283480906
784212482
700305259
693292415
264083308
1679830915
1757082011
1745530881
907688918
2073738702
1525159338
1871201864
603826869
1184963435
5831801
565954946
1014202365
219167809
1281289637
1876697743
1137903838
1299982632
401551693
474287517
1565050965
275815948
1559766001
1038458210
272790240
530915514
843081333
21067764
932819786
1436514890
107072581
982697800
881666724
1455693097
1688848788
1027635013
870071636
553820610
1917010877
1312553860
852582215
197469129
556385738
2056484519
2110763330
153872932
1193556754
758693203
1295245654
1082876790
293958140
877350603
891641970
523837768
1288882402
1589312810
1215569682
949296086
1171621650
813342525
1592795925
596060276
1713472494
290833915
535521453
1593650331
417586739
510791585
250323056
1056257941
1609999702
1882477166
1645771915
1491553472
820147978
390822136
818700053
596985986
1002779359
665225770
1341676417
1476651465
1797588484
1421407963
1323932974
373729853
1705586989
390588171
9266457
695774981
1302727311
464314556
749858994
894942259
880795144
1403372139
890616780
1511699661
1228959068
370125609
142323629
1458295161
611644059
283773531
965865797
428300228
732341918
676901130
1499603068
344079375
1922952623
1538219752
542964388
1246279702
406875208
897508576
1660973582
127631390
442263028
616798040
1589013688
1708318907
993519699
1029073414
33258532
1578741563
861955129
406695788
1262485571
130455219
706705141
1326454257
560678800
1134095267
1363396014
2146180254
1049583162
344379464
163114217
1798297969
1515544185
664605567
1272423976
213945185
420819970
63820881
411526573
636424688
1401480341
655463455
1096602205
1383990374
951750580
1619984747
703895999
614449839
290289518
1379427648
838877731
76446163
1941275737
202521920
1844624607
1850062349
24499869
784673864
1175755445
444906635
2100696621
1121323969
354673745
2033878722
830952465
813795206
648132845
1852823914
732720863
1181044333
2041574679
1699844381
1103563849
1903657332
1241727883
650436232
1871272399
1743629194
1897011770
1804651595
1360914069
893332471
879707500
1363413107
1685719119
2080611688
1262928641
976456593
1256480088
967599003
1851641811
2078168951
1178607075
10561955
1206069559
894183310
818351688
28949209
1491772579
1413516503
895943808
1930182751
1908367209
1777962876
806687404
640519506
308930721
1716031506
523733199
2079441803
1576789797
1808122478
183050141
1242970898
1267260854
1967799329
1198177899
883045921
994823997
1365389457
448687685
400198608
1064543531
598250677
1631398942
1492980577
1921800705
395773036
1931635746
641415722
2006518252
669541243
1487093800
1043844635
1372793736
1457148961
1884566339
1396877035
499471045
771833177
1669336184
1598912484
1463549927
1906588332
1187170953
96449607
1567431847
928116656
769608432
1015287901
819915127
791992609
1971006951
1552468251
924925155
1396528537
1934862756
739540081
1803032339
404832239
1320623779
493091887
793029485
1712624938
448421659
245507476
292168279
1604075553
517847954
873555829
1799189786
1670628528
1891960460
584007943
669246946
772809880
1399251295
1150591817
511292897
1708521460
1758118946
1876606736
135453588
1061049172
1613910724
981100976
448895774
1631958392
1518448952
1876222532
107676368
2008667819
50571470
1500995995
1836019146
1638847417
107057309
1184333503
841830075
1529990798
1777601309
576524835
759604419
1010220652
1100008145
1800331624
863345786
648071624
717926433
1644297676
2059599626
1973429186
89961029
922771248
1849241975
1058408256
1716331870
1985603012
920167935
1138690470
1029574559
1260096593
348045725
661495603
1673027496
1083913506
440293287
228739835
311096819
935533456
1010367895
1156355196
1706267495
1508807721
561682662
437746912
412540682
840590716
1380755732
1683344847
1932383444
1925555076
806154181
1187920877
773984158
126130095
40581381
783087351
1270317113
1268113289
1596728748
289399157
257508251
1264749578
772471261
243026461
1074293301
1884597112
582128040
220242116
231121504
24922106
317046223
1813135617
746838005
1320256699
