493309387
231992701
1834589725
2005779544
1050565629
284730865
1047871710
666249006
405493639
988771812
1913257640
1655602884
1829171628
241164970
227404300
2132508930
1827612063
1705204922
269596035
2024192430
2096674111
1302702666
361526022
1005864850
635203585
1054024069
370309821
1818165836
1363068396
1149111404
1554959055
1010102962
492193981
975188038
746148440
832743391
884858154
754127557
1551481208
1385861855
1225358916
1328101047
453859464
829305587
234919157
1111239269
2030055528
488733825
122619305
1256645004
913561076
1079870619
187577866
1495364853
86794901
1592662826
1410952419
7012787
873110515
210148791
641011238
847249913
2004591816
2059726037
1489392904
1810307477
765044944
883822127
823217738
1143205901
264115677
1372497194
2085418131
1920946773
1836913671
727845942
1312387321
634222121
1334513408
621115574
1868734879
1427036429
789070469
1831416714
1364797560
1440077023
1278958576
642289717
709780522
732079126
1443062506
1771170992
10736909
579415961
173685567
682795978
1883541586
1393532990
994324938
1267694650
254247745
854216157
1067329167
1450229315
776169626
497632785
193136103
238139906
1823044125
1798653067
161112790
2096506967
1904855078
1404933906
1487742072
2137288814
800399728
1058408219
1551521946
1594522601
1004590330
538673920
1695898982
2063819692
1789323270
1831330016
641184822
248438596
705804862
1753789716
1526984585
1160773876
748360178
485676617
1608273427
410478686
855665276
1235994943
306623726
2071311819
1128957637
1782312477
125885167
1091938327
1006922208
2039474542
948082452
417984316
184416211
236806844
1121543193
1265720697
1496883319
864473799
673663785
34914590
903911029
268155746
859867057
395071735
1318794352
63849195
1963349585
2047817043
1947947585
906808677
1364361452
135157679
1224109149
1358810420
883841503
1122255620
1245814612
1321575796
2001270862
1668710058
1269537138
1558321142
1271637914
2145480167
733529224
1646549207
375954415
1703829017
2056849861
638222783
284106233
958664059
451064253
1667940019
1827766198
1748800663
896795276
384708248
1614564455
475020360
552951316
427757893
1864582560
1903389291
1812972129
1194163523
1251991423
1191079714
1669836334
633829156
1996885497
244882628
690654081
1058333820
1582257488
202159205
1979507313
1458926721
868822944
878924029
192525832
757479483
494074265
1033935671
1092062531
1322665063
984135751
1556951000
1120782902
1359828718
318450189
306627274
2065502540
1876761085
141210801
1397991621
692560556
117784257
348250768
1010635161
789751736
146557376
866468082
174480665
918001327
1515358935
624529784
1049924775
968683122
1241668300
85876914
1937748825
1449110628
1427658895
235549645
1954023109
1865088618
995098642
615948138
637833839
359781138
1735169217
941472137
461635531
1270221263
593230240
107968676
665339120
851649890
925937921
1958523352
45992924
662602325
664395230
1144948798
1672578142
1313682338
1976811736
1585200985
1146481316
1536149360
1308150477
377389735
1293790305
1362515453
2026045200
803099738
688076442
603151511
80674632
636417313
1245648398
624559812
1156430566
1755658015
6534208
1243391873
1655135300
2136198653
1595120418
1953121447
90287447
1509641755
1517291872
1194735210
1900400145
31829217
372261190
1885535484
10794582
883962932
581868622
368676431
215457176
920910597
1723796810
170425847
269550097
2079069443
645094186
1473937709
702851484
431606640
1219231339
302641392
1612224049
1239044369
202976029
1097796677
842434555
1967555391
1321087374
1761664160
1475692312
585919003
834797464
1981595227
445288172
469453279
2029661316
1126608739
1927943458
662058831
1321900442
322217458
1485030977
1704870222
4870471
1962496374
349893094
1250189708
197062377
650561425
2045886628
111445597
520780089
1665646394
2006969716
1341007781
289159509
781589504
1277254875
36960496
1353955433
1874832239
907594647
851667614
1322102265
2142639755
1133276933
687721531
763709646
573909369
900071698
945291757
1869667451
528134973
702370267
1279450886
1705483659
1490902942
1045174500
1531795386
437171786
579079462
31154162
91413482
1910939180
2010464582
1969652102
1696288030
953564637
382631062
242570486
804725138
1455426021
1651331385
644792873
2075747943
319151607
1372601695
2076088046
1943696122
1361248984
2127784932
1358764025
472465234
156264679
869113109
1314154364
85880755
1927135565
517183891
1388804959
1908623183
1034600385
229421393
2000682267
78631964
391540472
1720248504
939789624
893830593
1542398376
1454478825
940213345
1024098730
801909304
737628194
1144253473
1036920379
425927430
1135358778
1683491132
1170100000
821899604
1353161030
553349548
820546755
1439517903
423660638
66996279
1847959767
1789867454
1082020474
1347213225
1178186258
291988420
1058182517
1647077299
683591927
1144444753
254200116
46810464
1579222993
664426411
700355040
869833008
230240187
1069238165
529206350
1256473811
973677788
1863375513
631700096
826843779
1818706865
1083380983
1458697797
1356439550
2015394179
72196138
1690364923
1143623455
1214657015
1605836307
394018677
727557656
190598084
479347909
1839734007
1162922319
141321855
468233452
467245150
1414125778
1137114002
1266932954
711154781
852220791
164615243
1774697008
1345244130
1482686868
440045328
647638053
1499633558
1219369303
1022690737
313940086
1782966660
1556197060
1439205078
637961450
190802129
2088169802
1677194391
1879459713
1296136105
1684150528
1211103786
190795576
619261243
79013249
100641463
1653452668
858500570
1666674784
1239612232
1929197609
176530244
1411001674
651012572
1835009085
685422336
630231479
1295795099
93784349
846139616
1086914124
1396317219
352850052
516094886
1511269329
1403398144
71902980
1327034819
1986444746
409848891
322971962
728790074
864951476
1184093449
567654803
566504868
1257298397
80405924
298158260
444597068
43036384
827183928
1217034891
1150015098
471337661
1586855155
1971573232
85055437
1972215441
397595455
215559415
1601400513
2087828470
1301078028
1307950036
1993201489
1177353977
690864710
558873707
1142929334
762666420
1237757542
993518708
213061709
189159304
1447175717
691864648
1476593558
752524793
993835338
267045962
151729241
711012646
1513079204
1139752692
82192355
2039319011
1386130452
446757245
167451246
2067925877
424575170
454630692
467057566
638424809
1159232624
1563837212
1716078888
464042513
1206103275
596280596
782511501
1403819036
970891933
118309986
773032196
822421969
609315136
403306955
1614030454
1271038824
1634802093
1238366193
1800175267
1770491397
715224787
45853274
202869602
428563154
1537615811
384858905
2147110149
1972434359
109854951
1780689179
1776878555
1224977849
1118694995
2126969104
1716469710
1848199404
742207795
1802291955
2032011309
1152990742
1717551716
1221180984
550862213
750759394
1731546144
877375122
236156840
908359102
2084719825
1862038366
1460060623
2082100817
1506612486
1801022383
1228846811
1237305244
1172271747
1834189046
1825120183
1106949292
1459010162
646212174
361518554
1236400377
1880425656
1349032546
1500105705
1285232991
855738979
330949116
51723897
662721206
858995007
494760234
483323634
1321908240
524267144
1889042703
1869834895
1188936334
81390265
275353667
1874427777
1225594079
1603219587
1519959016
1830756916
692827223
2040897753
1118854986
772809897
633461160
669468200
1639433266
1063109122
2078427967
1172136100
429673928
4988956
704254781
858449342
475146274
141232470
2117329680
561136818
1474045549
1933656177
205510318
732013116
1132140982
1940254864
1122103662
750902634
1639942742
2073680734
104156802
1217908621
465395192
900335438
1746378517
1353472329
701469768
1417662461
227553277
331804364
517137466
811489973
398414109
1974433051
1444979700
1057722635
211195994
474440328
2139096409
1629676456
1692932664
1389835328
2103071027
1647458084
1910657552
1944873729
962554620
2070248718
1970279408
2121621736
1561495370
1762368264
1120895503
789277288
1795923668
839344655
1420337131
1471206487
565757989
2137618393
60538113
1037005090
968049115
907818071
1296666920
1360889633
1122932636
1926796634
1138394251
1499075077
1908730775
1504414290
1051213121
430860654
365563570
138738225
1837378699
1712488090
16757077
289277293
180843945
443679543
153065170
77211173
411314265
396618585
1121277296
1058992219
2020960493
1017830534
110087443
2027443296
474726408
1380727791
1756044937
1197172045
910978037
1827974586
766938483
406308269
1687039395
943454074
203839182
1671953464
285977409
1430738880
225977885
957551290
770384498
149456075
844198709
175505683
1767687213
1355326554
571060901
527533655
1122808885
1934732962
856089279
2090938901
45827631
696110684
888250183
1378516917
425570917
995848182
414090680
826213883
1725111318
1091424745
1188910125
29023400
1268605815
360515626
553307379
1597536831
1313529162
1524991162
1774782632
1912957925
1496689178
1663457112
267550991
1350003041
1234110224
1462662743
1687600756
1717004100
1570280053
89948810
53752246
2056284450
1104354757
1261017179
533816566
1093268990
59393900
1244585979
1677741275
217198788
1545451040
77508275
905520255
1597617903
1734111194
214248281
2067193337
1019447115
1305765490
724666335
274059655
799888084
1505752022
1994916358
51770712
314096062
1272750054
1536032048
1005357044
690230926
143796720
1845798738
1596307273
1598658917
1795583939
1165736712
416640595
2108003677
2057989234
348983490
1667175270
1037107724
169224359
118149404
818848027
1435194150
122492577
1840593484
1211769813
926869567
862057419
875170484
1619609071
1671263917
25750010
296665752
301020292
556134284
1301826115
857214697
298698458
1388020699
862182263
430165824
1306882667
1175292099
1894012477
1396721894
187970962
1602887160
2086422730
1213348112
431112911
940677176
1195719743
1161074728
1422775991
1723781617
1919128990
893911110
1813791355
1727570943
76369002
1603586237
1606210834
1254287507
1142370523
820119762
279506182
789154351
1008606139
1708446600
22486232
1367752909
1318912480
1414405783
860613649
369737504
672564550
1391650427
1762746087
2105225714
1630027208
800145832
976686728
1340937132
1464308603
2068722906
51330053
1792308724
63677608
1270037131
7989214
1826620272
753226083
770674558
936744998
1681791914
1188964044
986740345
1287526227
1047890700
646480866
1454687503
742135204
812286218
601289215
1106455451
470628143
299992670
2058767092
2146421321
190494854
200037743
1344661185
787793230
153973765
1363711691
1405266673
1932175928
2127606203
1492558803
237860240
1187551327
1036110835
1984860534
813891018
501300859
1214337630
1220273429
136504354
1278271311
1929049566
1949070726
1306872907
1210167172
1921263345
541399605
339344039
2063531664
340127928
1605823076
1780584281
405060821
1143290531
