321077000
663550700
1645154288
764990589
1923745284
1459921113
1590187738
735806315
906845038
973162861
2092737343
374550537
1195895612
499947261
1508692965
1869904500
963613690
836572809
122119270
1814493037
1289471498
1385831126
1558057792
912855555
6509836
1831071530
1663997706
2049449441
839040344
409615268
785134786
2031813682
1577713576
610145589
1501768001
11179308
1669420243
623563583
1332475855
509159488
15080372
364405960
1987301331
474731741
701858601
468418395
616586147
1530015195
852529719
1170448763
824732282
1164839307
740118603
1581023941
98568071
1068204120
302182300
324545441
260943906
1437723673
727382956
1167101604
191331097
163140087
500149740
667098502
1758602025
1167868150
1094691455
454456251
325650056
1182060321
1270974231
1812058287
544558495
221511510
1237687804
505396131
1875610326
1814919595
1476054827
527485727
787105159
1057366140
1594028443
1992894995
1126760980
1855106067
634246810
1945310350
200177940
362551026
1925046614
339355162
559796136
1490175167
1269257336
792130482
299221740
1074916813
426481643
728763232
505010313
942242115
1334040763
1079841655
942458472
1125715947
107119896
1428841322
216294273
335860121
659113593
2095517768
254972881
1079293749
153697245
657262293
1394852202
1466714984
1115510316
1332899142
885691556
1721566175
267049149
380446360
1306115441
1780000063
955391985
241496461
245874639
844479397
1262088188
2002664772
1910887766
1177473496
874622404
1884253556
1821513201
2108010766
191562721
70510661
1992178089
440308568
1192334789
661383114
1355244957
754700970
1341096693
210610463
145790478
2109816459
716676213
356266780
2073581463
82764373
1161449026
572624563
819700090
1760929322
989355769
1122888428
2055389972
1797575795
366397333
2040186489
1446147699
2140548630
444138838
1523112184
1646938622
2089735988
2138793916
427890118
1945809746
1350960795
295500978
1116521082
95436078
2145845711
218160328
1889417989
1599496836
1932693424
254327193
776183140
1829488816
1274850248
709275724
2125870847
915057348
1711662131
656572981
246230434
2133026818
1039952939
2133751195
1611103765
1507084131
1072139568
111820949
503908953
1267245652
1417724112
452362253
1168642434
381339776
694705432
295787750
27527980
450301640
1893227927
2036146490
846495899
2079562576
685142795
1092329404
2116951411
1809293491
546251691
1326804797
904253968
486922838
387343888
1605508170
410878339
1185496026
635879617
1396085490
1405310250
1644160427
297703514
1794187940
738488299
1448054965
1049359959
1735302711
1363499789
1487913783
1905373826
792345092
64890546
69812400
1685424375
283241006
1037948917
1508853493
857032401
630399746
1526226588
1609452132
1970919283
666893689
1065086074
917832499
1503763573
821748186
1400776804
1912061410
1388845608
2075589244
1874810573
96141519
602383048
318623914
1967731201
749844712
571623997
1737397663
1899023354
330055546
1804209294
1298250160
381580259
221817640
1725214947
1850971017
1362376998
1693056504
1074172724
685963663
991643188
440590984
717758100
10276709
1292496081
689556062
936141332
1058777482
1826086424
1402429276
1630259797
1888667936
634628115
1976392274
284993966
802017736
1784951535
1265823918
422828278
1736620968
1496487903
380971854
233986798
401187726
522472336
240949366
1888062542
1608923950
1370699332
1055845085
5114474
1925757831
1513157518
755644386
124394113
988306276
1943802792
1746970332
803404706
1144482815
120948
790004623
2089889084
9526720
1381271566
825345466
964842560
1141182243
331747082
1818836941
800852213
903997367
1295535183
395495095
608270168
1106534722
1758462095
1179829470
909270061
1950793986
1850538850
1931790888
1115195558
453305102
337231870
2021378870
224507567
300816859
1970174869
770826673
2119571412
1596867547
1367787339
1022001084
741910736
849828160
1042763731
1174874249
1887761331
818336735
2628773
1165877255
479103662
85357359
1896468701
1088529337
302065022
1961754224
476569523
408968866
1116007283
1076086504
1358909075
1425992285
14226460
510905416
916537049
739430217
1752148113
682722606
1717705003
792892897
708300637
852913604
1347015794
852532009
175156486
2143264389
1331130997
1593932356
984974138
588172576
1232170004
1546534179
898914455
893860213
377382687
480487000
2022380310
805644476
469577681
1861420552
450596629
473346245
514363372
1273900031
568712449
1420211546
161693042
2085562590
926969757
538384832
1945221885
1277538415
339256561
364202076
491496380
279908121
644002769
621040243
673938698
1566229615
1611048968
562694666
1880868780
764212450
1579726626
1187026924
1244768935
458294423
2135283667
1478766538
101790140
46255443
776087047
466396284
89962882
1267859859
722812295
637320806
1303429918
1291218617
1863931205
1972196854
132581792
2103242848
1210352964
305681481
1508856573
1911949008
1348485414
1319623661
1958352549
1061429901
264876371
2062547905
1293464513
1791153930
805713092
886926841
1589154059
2003388027
2120349033
946472254
521805897
1181628616
1325603133
2077198834
423255911
946433949
641382884
1111222673
1899303216
265611678
436563197
1781905971
185567145
1042933432
1356842762
2003711022
2092923402
595632019
279962361
1529734104
654245977
316064291
1464571983
1423668585
1513516709
168813918
515090928
2037390591
911632861
897861128
1276565389
857947324
1636315211
916799146
1991531434
1246694154
1069526960
2030308513
2036596811
397023999
1008378620
402560082
797086778
848152795
103911850
849278587
1323576056
977251502
1823681206
1039526053
148517182
1999918359
1634735420
897901238
720502830
455322663
285536431
1816941474
1433483547
2024507491
187817650
14888770
1818219505
1665338344
1951043734
1321223997
348416579
109679529
1772057201
1941111074
1899358447
1252399317
837823959
563092376
1202614896
781715028
1635868216
1248875692
289266624
1730716783
586346710
78242634
2138492392
1371298959
1343375968
537580999
1104688677
263534365
540732464
1458145179
262491833
361502089
1980363550
612466732
1664690763
1851542118
1205103103
1642474693
663178235
2037731763
1528170942
951715749
1036613127
1841335093
1787666708
1307565620
1760786707
1787099391
43384295
541395025
1896377880
1685136404
320721469
1224639174
1450796268
687040803
806268635
2128608989
65810793
988483440
932892030
41097484
734634301
784378836
1936393397
1621493963
1767703630
1192915419
430038873
413940615
1606652359
113849611
1119777194
419458223
571003844
978648132
557393416
1418652907
808838038
668739907
148790091
1434970732
795599027
1155946048
437145279
306490462
738110525
1870408632
1170697151
1462227834
1250661165
2087161925
710392556
2106577337
953692444
1142142120
660851467
1559489315
1132492206
540712425
507317625
1396126149
247420571
914747285
1592213579
1765936833
361519195
161667111
978067462
673843840
327202670
790962561
1754675959
716744194
370777157
1796442009
857694257
1243428693
1704551376
1245157169
23905313
2015550244
866166437
2087548606
670733519
612543847
1043876042
72620906
532305843
1996200760
2081455135
1342475317
297995058
802963398
516767595
922678582
1902618036
834690658
418874369
1315335424
2136484962
1351265207
2134033422
705719840
607861633
339523606
441021314
1023092418
871463526
760868079
1713329561
646832243
303174933
2032119645
1195335941
1035526657
1271330170
1831590360
2116779194
62803326
1419843139
759947022
1064238933
1682152548
1860757848
1984038859
1448704810
392395730
1106537464
175332884
2094399720
1324477172
1372332657
952629076
229352171
1176542594
1686230396
196112302
1110876959
676316255
1320127282
1096714353
771118475
691502689
658691503
65797033
801268097
265835312
1117794626
1200207570
1924836193
1524972103
669764686
1728237224
447729925
650104856
209760960
654417434
628540108
2059893580
1861547820
1673175644
1526244166
1606837288
337187719
839370268
427341689
1607680011
785013627
1572335052
219992526
925700884
450099819
234993438
635519387
897984992
555194115
734363022
1147662670
570797424
1198413434
1387910681
1159920946
1847284522
583309671
1474221067
1557507297
1379322614
1635675197
1875347702
1038833991
61648265
1289241957
2072924606
38955342
1588382910
156715766
1790943954
1778528043
1984555040
2048260628
877667701
498405445
1968236420
1684908514
1542330426
1414332861
1294851539
1858798629
281740430
644809630
1988048358
906177910
645528431
2143478947
492538762
836826915
1087351611
1519335583
936694435
796726436
1140113571
901647245
940281452
334098101
1060119742
357923636
776927964
1802194452
443927098
985137527
661858852
1652275161
497015725
1731385655
1708406869
31782253
931347721
1025345509
143513375
1540284968
267219502
817116583
1986040757
1954494603
1898519706
981933606
481450188
540457239
1292329532
1416889330
355323585
1405330632
1505734502
1950560403
500980698
480716081
1499227616
449850157
1917888164
2007686197
570567448
1556017102
1957928060
991786335
1330161528
482414936
1231298090
1883288287
2016848080
737857542
1736021160
190910498
1063303666
2043596444
1711001600
1932964876
709386589
30912559
891728467
271650005
1267423505
1069648014
1521895670
2127171453
1272263041
698984780
1344279990
1788065005
754643367
1095365995
1273522748
838987436
1615816241
857572775
269408140
1050471738
1714942425
595527516
1962595239
1978348045
208982226
689823764
981587793
1654687525
2005721438
682475441
2041730541
51811918
427565949
939846451
774050180
862288370
88424895
832055847
582773988
306069912
528061755
285728941
1281981925
1167000573
2085631640
350257188
1459143111
513259725
2073808456
1231624308
1909487031
504411134
1660417493
1191015415
2031662448
200752330
1241652307
1486735365
1690149374
555899463
679411701
1538565146
1263399582
1116311460
1913450172
825518502
526283202
13165058
1871978570
750270066
417400881
1703485932
1864997589
1021889450
954603594
564728437
2091791671
1738840971
665389928
838051821
1597663266
1156761513
1991578465
779696191
578863216
1882946013
1501381161
1306859242
47965336
71082443
907229588
1745270426
1004158781
1649983756
1876546873
1625098850
1122533600
1238241276
1799704690
694452377
2069711542
297723169
303073919
819171662
2042328213
777578806
1659316938
360151657
379944967
746013140
142509893
933389151
768862849
1886682300
1184059119
1958068881
327757998
522429891
358619766
803700290
513373412
263491930
503391479
1871569715
1128848056
155059641
1845202657
2015767261
2065877421
929631400
568503543
193653578
1084057863
1910724586
352060788
1586195089
1442825918
1987265094
904576328
518680556
313932686
73832243
955602817
1868221559
1747435051
574483231
1132775621
1341748616
1750595474
1720249948
1076494587
1000909477
2018314875
394577064
1994861834
724386086
862789611
953420631
