1422660281
1034342248
1123478245
1413011487
206112950
1686966699
1182364992
70490752
319958194
57180809
182626196
577661390
1797560745
1990312212
1921064526
1049291228
1821999167
547552906
139263459
1021415495
1099899718
46157239
85235745
715371612
1789778525
328158696
1088738465
2050913191
701455538
472140679
1800564313
645076249
858830311
1219661912
1766340686
620377300
544958226
15678799
667925350
2102502039
301487583
1022470155
1275895643
841579713
830950353
834786803
913862860
174305795
1251993509
1693798124
1366521454
174175143
1187840727
1514414516
1788372831
1645134455
484551998
2088997854
638317723
206692427
1790378194
311531370
1214134151
1475940403
800337806
806600704
631453611
1499475773
500583792
723390921
1414060413
162549731
92502174
914465771
453224536
1496916500
239935907
1917366431
1343294860
481595869
771708374
1751469296
337946255
836593332
337055195
879862289
1572834384
423906657
538419779
775168603
2106293676
911955594
1297590351
487052259
113311482
971412441
14653650
1039166133
1857986753
117513675
301515572
413371567
770228105
709913624
439430802
348928251
214707918
1249151675
906046211
1709370666
7561489
115496349
1711895798
1623507434
654622474
129860834
908913847
610097508
188350456
2023420879
1505166352
702224692
892040472
1039150165
1919951884
1721944582
778525236
133947711
101936343
2049922761
628907346
1589879029
103633345
366740883
1126150029
872262379
807449441
132326417
1946816770
1308783017
503855574
1396752809
1672243681
13628279
931385641
2068361518
1410572963
2019668900
1600014798
1966648383
1742507354
214089331
1987395401
1468207677
1192481316
2028716451
227378926
1134320870
1282076857
1213588378
1088456897
1264387219
1416268068
483107629
357762171
808136202
1700478351
822848014
1183573166
1136335873
799121206
1642470355
111796736
1978334768
1751038078
1698401183
1581308051
11425809
2054022686
1296917103
1236521349
1271322935
225563003
297934851
638509715
701243720
1923972626
725385318
55846360
744589721
956529679
420163612
1860250548
1846586980
1136947706
1927764200
709257415
514920872
1545031569
1704128823
398475805
523293086
1574476720
621565996
1033468260
1754795219
1945333613
547055689
1329126232
1876962791
613273664
215272119
1637364287
642906336
1410022239
7533874
662740624
137417771
2047038505
1328602259
1615370159
1730635569
704104376
273221115
68286163
47270034
569612185
763117721
650808841
696194561
1953439128
908980761
630713681
428732348
871840436
1289256874
1493112806
1577120166
1934312241
1383792041
2065894300
1327162370
1393318349
877260783
2030115937
2065694158
1741818890
511673524
1707099621
1070281402
597893546
138695710
1746449750
536880836
1368305977
1861242474
1168829764
1920631153
9481156
1391731381
854721956
1330444969
758002087
825624680
1987226096
109976368
979968644
1697740094
721459051
1748388541
401570384
1633151476
1368292739
1938974137
1004678535
212443020
1125663311
895988885
458774144
1356824381
1693830455
983154376
1090430427
7106298
2103744946
795874148
1241524246
1706204317
1165521962
1763819860
1709478463
2108297648
1963451133
1773001012
1063348164
2055240152
1118756253
551809741
761162598
453944799
768250839
242569259
29551948
1090450780
1148921649
2140592221
1042851892
1506308353
1482971244
1355137993
912916420
1893007233
1077168936
1027896361
2035061246
1877327644
570925479
1333957158
224800210
749678024
2108969641
662383247
854155470
811035134
1912126327
264578358
1130884593
1503360542
1386385404
1128140647
1106026397
1367672959
672754445
1904006150
355665578
728306199
208855242
1463393092
1247467671
603964868
57808156
1395764222
22920923
1667861045
2008217694
1801570482
417958234
260104311
1340173336
2136941086
976082419
764406048
1298051558
1790876023
499867446
1694552594
1446749815
2004593731
847529011
713758444
1293183665
130810835
263175021
1096031763
1245854962
1046626913
1038664430
202923096
1830970482
1265780674
2132180852
1549453639
368914628
1702021063
1290149065
862653963
1334194043
1379642422
624501040
896497921
1780406761
1432247392
1678263803
2514903
353836291
722248799
15337274
375601760
1731935584
355767790
82656398
1896243192
909424992
239295717
1592470811
1660088719
62647145
803643727
1576644763
1576344147
980569677
1002680617
979177360
457404670
110716360
1242909626
912422033
1843979193
2128112933
974424202
1963385030
1553021100
117640703
2141123584
828093807
2039008547
880116005
1884527515
1046021278
65068382
1564384151
973235149
744422149
1312046837
1595304365
677683567
455791850
1662851046
1361582679
1582010597
697888823
1001045053
1579162751
1851843792
1599385005
967801950
383479947
1927235177
1756361529
19975666
1872973822
2112635264
224870751
1447090540
1378905406
857388562
87322067
229578295
669199728
2108983680
2011247910
1877884798
1708285567
1885073778
724301213
417893271
94899004
754995783
711197982
1642049549
1121726368
497568567
793261124
1652874312
500641580
1590831624
277426322
80573659
1107431281
1959108714
427464643
1582037354
1323866284
700789999
51949119
1721835318
1198628489
1228638633
1974848170
1133496903
116642568
325595746
1535223959
419376949
246523261
1464956018
130937946
1482753938
1697435569
830204481
1754694139
1009148663
2078954278
717136986
1284030791
1741438634
1640614008
1125777959
514662656
1278324201
874447583
442571855
51262260
486276309
761997777
526989993
543458475
191485950
100829893
1274048475
1326135674
2075992711
591299857
119805075
1148231860
754173174
1496257012
1010924641
1559695680
1635933851
1999997616
1775689264
133005766
533226393
1772777168
1716521568
1326214595
1621348758
1003097224
123349121
1809496509
176375035
163581241
1424185005
447178896
1647827176
1894254611
28222594
260051942
758438840
2086231253
809665466
1658403269
1233257003
129415344
1929341034
1889308994
1996841782
907921225
856552148
1176680531
1452615268
622440926
1865391336
358657218
706047719
1942171264
1592952158
40280638
1013296447
1860370814
2146996841
55895948
1755914630
404222690
1267451416
1128574170
1227421781
1439652373
641547854
1231920436
2068515927
745505181
2137651804
1680760080
511637096
411387143
987242552
179118083
137606761
708471520
1825643357
1755752342
1233313443
703618269
751341374
1641356596
1357040597
1689452570
1768273767
1782405434
293606364
930189183
306474803
633882929
1534522621
2108127807
1235008292
1022838552
245903314
1098737786
1305693666
157111257
837899727
1217046531
778248915
267667166
147273329
325149499
674752595
1216619709
439465218
1528046620
219321232
1497624335
1083371787
1695106386
864884741
264134494
1444432726
1255740291
124247185
1761222460
483553694
331186352
328935475
168570736
467286741
996567987
1255170149
280252492
1060814354
619945448
1661637394
76438810
188067350
1753596136
1677944372
1642114229
1132307321
812232305
1555638030
1581164851
1825742710
1148558433
1031557891
506982592
1571270991
1558562529
873894930
88043910
96290910
301882015
1560988399
318444232
864705722
1293058355
520970431
308518158
965163138
376213923
1716370031
950383483
663702473
806455042
2141013936
649056314
440145182
395968307
1838040979
367416855
1509017782
595403723
1525415102
95807786
1576468537
1447952148
1074768713
231563437
1744526630
850517806
1597069880
46908399
2122688483
358517073
1955132052
1849943138
1736480101
22617901
562296360
910051022
136707448
35305586
1478338517
1157311912
1199238059
357421676
2016092051
314685053
1359713500
2057820101
566912004
908467337
490527580
1041506926
1706771382
1518359141
2079959998
991558041
1071269878
1231897820
2019368001
1178414558
1826732875
508049630
1155455191
1781601661
278551958
1588516493
504759761
1831848643
1550122948
1618580341
654271274
1388555909
1763696941
1027296729
125180525
502223049
780028044
678824744
1893417283
1325400453
1922462363
1969220495
744405661
1905879935
1985056843
1249019048
1386004602
114080595
539700893
355464527
133038165
1249113235
166265376
1655448725
1618793519
582104840
1296674823
2124266958
1502659124
914609687
515428070
35756997
1663700237
2027242559
1971321097
2115269904
1889124033
1321596095
1783655025
1309784958
618608712
28079445
1828602988
367247532
1322971054
1917002272
142487760
1520456119
846636769
238613927
172474068
1273895947
559809815
173545202
1808429962
1411534170
1147608286
1236002774
1330194429
606797993
1962477761
2007659855
1959718627
431106692
876046484
75582469
1370119167
1403901522
656157021
1566823153
2022680342
1053664963
127246815
523857433
1741669515
486714213
1641393604
980142967
2107256217
14531926
853479782
653908984
2040574509
802272532
1957236794
511318688
1263554142
413789041
1099284441
1451156426
1103601034
1390057378
309739948
1257881229
241378574
1859632246
325102900
837196347
1304514721
276330147
1733170420
903225859
1361287758
498572859
1385410555
1543399606
548403212
318754111
397464082
778784422
1441614075
1371536714
777780350
266085291
109517885
1466371694
223605106
1391601471
93375343
87533852
1135498260
1504422089
1657111235
1506479420
2083258154
383887863
457339067
1118863453
1832115297
1035601220
395442052
1619012870
1159177786
1356741273
53631469
219374891
2027069073
1961305104
128974338
260135355
1244193739
552596691
9633609
1126070614
2039393948
1103561763
794913432
1999489052
1797874291
2111374965
594746769
1331077793
422640258
568030902
1575609276
1583775229
932642157
1518670255
1584401215
881678079
1841349006
1114596740
990464828
423404161
1844800483
447387479
669349319
171684054
1803334549
683450634
2036469635
1384224352
519181350
2010605857
31426264
1125370687
346077238
1764046533
1616930002
1202312228
1031210737
104932324
129266073
592012867
82140696
426332022
903308937
328439911
191505067
986886619
936011758
456315679
1732637232
1575130464
19472477
1172460054
762666659
705680609
464451505
1308829824
1228553978
166601352
661553057
700439217
1054162516
830978227
809816059
1669250760
389084093
1204680436
2041851007
1207203464
13266080
1538231602
57470554
1588261959
1521988554
476772076
2080459582
1567005950
938180375
270411934
1680880666
312097153
324914619
1602253116
1836918139
808683722
1949557039
138523099
1041130367
1905616238
939432629
1759128943
1873329009
1655803953
1598875530
180900527
1203209478
1510166965
381715880
1064174101
339819827
483214669
1059982133
504689153
286569641
797949679
1723185803
121238269
385903598
559046216
567364837
876148251
874862361
2117239018
1856732578
1055905659
437248810
634480033
559464505
1225527017
2010494724
400028387
693447354
379029667
1638156808
150155877
1587691261
85657656
328469070
344699850
1201658985
1148229515
1154837634
1277896822
853951587
