115400978
1321919604
416432243
1058259241
597786151
1580767075
1177564595
873244496
1376576380
868490598
1839701506
1959836346
511487599
1345067132
1971349810
144062688
402605487
931015519
760368903
1230886602
962029631
1379576154
1663863558
1513383291
979266202
778906049
1879327589
1707741947
1007805425
39186
852831521
995652095
1042263440
1596260775
1808211759
1845039670
1406088798
679929364
1172596426
513872690
97864835
1224451875
1100467947
1200798705
1594859300
2059669353
1365667031
400343304
1433885257
490585732
1011377106
1460634475
586047200
1114492404
1992618481
2001416667
1627437275
869968276
1219049485
181294828
1198265716
122729908
2113294035
148569522
425270160
470613203
2107267833
1019295496
1825482817
318947070
819032715
1539336572
19206502
354704575
1573274979
400389594
71282797
644200388
1012374199
1164073556
221583161
993379086
333895117
1193057867
1374843167
34512082
1709495241
1429893308
1919726089
118959088
1167430822
1081803594
523916733
1380375309
1331183939
635784163
1159369016
1756080975
935870613
2130769682
656078900
284981428
1986342395
1648358625
1943713993
1042606608
1664787119
1938008681
804958000
93726369
274588760
1947169272
1916515234
981404496
1042721468
1550496733
289449054
876624263
1558793874
609190354
1434439114
1897658793
1808520053
291979015
331838129
1273465650
120872693
2078637767
938694315
872619117
828821192
548004809
808275098
1941390284
777011230
1846831638
1836116816
1038775527
56261138
1606690193
640330318
1049529108
848186684
1152327464
1842137256
1087251359
879434339
1258461846
1144553476
75702694
1858785872
1755688658
1476404673
1702581652
1275912381
984398615
1995373620
1881530936
297243757
2016076433
319657485
269719937
1206302293
372725921
1537592792
786311896
1549214200
642705357
1471640480
1496161562
264917200
1108786503
436138670
1766927920
536472296
512500504
1480675695
450384461
713199239
226325225
874843507
1919560900
1865294086
425929582
1234531729
879066244
1291393731
1643426416
1302742057
2033751601
305356846
1975709045
1128749954
1065395679
743725568
1734048525
485795409
2071532141
1889738380
93976252
1108098651
1555528828
248421934
863588735
1404377905
1010725643
1193207008
1250814205
308456218
2100860849
1848091371
1961994059
1176885264
466586742
687165113
578164060
121772768
590193997
431051209
1443162627
2047172212
1533998898
2060374717
1507213223
583767342
2041970396
622382734
338442882
159580778
425834783
1150505695
1161202069
1024743974
1629923042
338479982
2117913644
1860303038
657053368
1842967719
1624606217
1061393615
466923036
453125459
861924400
1503128894
1166658638
827375982
147944527
928781649
726597828
1962395669
432844999
500179194
1334177615
1354206878
579183451
1529549620
629971916
1144707778
349196404
593236102
1865987971
1410182645
175701262
116717477
1429482015
512504791
106045763
1899668023
485421130
1674896834
1222293874
1587097521
1472334308
1663571331
547373068
251583585
1654706657
391131430
1898592762
1980106376
535935421
819016171
2045894574
1971266463
729612956
1557317717
675744965
1207273402
1248833025
1377826656
866926678
743833866
1222279211
1934618834
382080986
1208772989
242781703
962012330
1545031352
2044555392
1267101910
1098683829
201911403
127139556
1135270237
740205888
2043603794
929937118
1510137027
804497384
1228161556
841495081
2045768970
178632077
1826478509
1808318534
1240157997
149833317
1371707930
433227491
2013372626
751652652
34559901
1102775898
1951686571
1094758009
974129837
539698256
548459631
589028653
967072894
1226505854
43721585
1936520196
987509288
70838156
1051919578
1079720013
1530495094
745541657
1253672583
1052541366
1398755918
2062122456
173724033
736226113
2102037432
631902932
1070894357
695296339
2049938316
2048558803
1681987984
1537785579
660647357
7492825
2103016601
373312496
1205039164
1145880260
998471979
946704034
714628234
1623140628
144633133
1382318643
612255709
221917389
1708994223
1430545519
885775342
1349713269
245285571
985558166
1427380829
2108191033
1400858614
253222218
2135911618
1190132012
553520746
1938686883
1244752721
1861214127
3012497
398054752
1254892585
1906909931
1194841992
796524601
1318341945
1825632635
1321562637
1665490000
510028495
2094665511
509594911
129291205
551785663
1716552651
468693809
632484200
2029855788
2007897687
999415562
1882220682
661730294
1953773039
1215023932
161482732
1341029824
792728371
314818366
1609673177
1127529884
1071106969
1122915369
141218640
1466918486
2147199221
1162693388
1454691417
1373311066
1412732698
893333228
1323522936
623029570
621351323
1897716827
2117307967
761801216
454290347
1742317747
1626527998
1178388901
2039247906
1663861487
1048430486
1787306700
1157994400
854853671
968513900
1596017061
1872872140
1835869607
972448377
1028411553
450062006
1802732202
1959373693
1527179703
891167067
301763512
1185194835
1186042450
105557062
636590489
539988832
382686167
373281619
991645173
531327269
468501206
475321743
1771560842
776226548
1256163020
714453563
1358409736
852962752
454710418
272106480
3614092
422523405
1147528551
948382684
738353591
458477062
395187349
972599082
2023690347
692650669
1058729410
379008
606218273
196811309
312481237
1073041314
735778282
1922760011
1697224834
1158756659
1388015360
516763131
343131252
2113212572
630841864
81565967
596402198
2128014853
119587303
1061392650
1255547134
1912769153
866395198
1953522707
499904503
5649478
1788947843
340795141
1525687210
1233880345
401065149
1375809443
481065960
1133632712
1661569244
561559529
1294616471
526303697
1681686962
1501594749
1475788598
947415585
1745725074
228636741
691944974
356568566
1722217604
409427730
1948886007
348899045
967732770
1311848825
991152580
837868792
1082064658
104477634
2038534732
577864687
861003039
1081154042
262521366
1318496935
1249812726
158415651
1784833952
1840553624
1491202171
205376908
63716940
1689412985
1130247366
637929019
1943082472
2099367678
820475326
7730566
1030285528
935829697
1984107855
436689601
2068441826
1757896255
137741387
1921433873
437418646
605835001
166046427
2008307551
165707608
918652090
1499225760
128783721
83648011
1308935161
15982698
1539301362
1161186908
1461473364
1135836051
798719514
1081572008
55951164
534053113
830296520
1265955979
1899238064
1131968407
2102781251
2114529286
1521843746
1804860608
232226784
1612257100
1893554038
906964471
1949570006
582306089
2057623080
1230313069
85129005
1677390864
1639801484
589117975
1276901845
1270386623
1949914929
1834743916
2122091219
329357201
727463519
1154752696
556056214
311420768
1134654912
1145516576
1816471656
2072886548
681124379
1600086323
2012453120
768215245
1386986811
1355160872
1961620532
2060015017
1632294894
554397370
2034462667
1589654834
1202326057
464399005
112700785
145274727
1559497545
39489947
1143488963
586357093
2099891316
1274320976
2095078026
1128953010
429233950
1859956862
935286277
1516820775
890917288
1202818574
1898593631
285399927
700918818
1698628004
438121536
50938464
1947866929
1592894173
198381440
1468013676
1499432716
917021736
191522037
1268066404
1875125408
1958398526
517113453
2014583378
2014654164
454631743
1094711735
393602866
485912039
1648994667
412032988
1630593333
228637428
1914557817
393534828
390205105
824851863
1814844567
1565013490
432326056
1124704682
1020477951
413985929
1484010994
1410836265
276788274
1570134920
868428810
954633780
667370965
974837080
561051251
1291649330
959631908
1266876519
264697797
1383743249
1492205335
587579445
362352472
688089004
1960464144
517496204
1281073803
834006086
664081469
2042871756
2009378994
777602611
1144012688
745187684
538573722
944387478
1770399064
1425672541
1881468601
1773922885
1242444156
1799066640
912625399
1578080457
450831700
420738296
2099797267
1112087937
1061230884
494472098
1933030580
221212645
1390664502
922863041
765448717
1100072936
1933436563
1920485470
1124419627
2023126903
979487582
1919957548
1828737502
604412447
1583055564
1508778233
1349257025
156884171
226805955
181003329
155132392
1341636522
1507276046
667264733
569678246
198693935
481586747
1534282201
744817656
2139134258
1971875858
1393953379
1054228498
897365812
1034911666
1154665694
1251318147
1004043968
449382217
165201686
172567431
1882565356
800732015
1893030799
2145906409
1050774015
934726688
102832118
160726163
280612396
458515284
1254156473
135081652
1743677565
227775293
146125746
1101326988
955445195
260875805
1262857214
1549958359
903362025
1890099649
403558636
1167659731
669961441
749031581
115288593
464189936
211639894
1337098885
567439993
1884319764
484562697
224419590
1035339000
693038728
610437239
880427871
1613036446
397015426
988054174
1978091039
22254664
1889345103
466520032
518068828
1795951699
1354721821
120855809
1491315853
1570260332
1797997410
2094683979
524514053
696755587
420098029
736111313
1627261964
1334166494
1880273287
1934498512
1824023452
1693291850
1761542981
485314097
1586969269
898492780
1818632557
176433706
1599244893
340732725
1498228227
370586885
1060232248
1245148788
1943905263
36381433
908546751
214512773
479087308
595005236
228637472
587829799
458603855
668992250
1686217395
515850348
466887762
125963495
1739524628
449778377
1163831420
630803024
1229254625
1193487437
86023311
1423402184
1469549841
2137165295
1941488206
1526474174
791002351
2131359743
259372041
2056806980
356494002
1347694783
1329274055
567582954
1140620987
1525604875
550111502
1309211593
1556833643
1423597619
1782659665
1275715740
1494739358
371575785
1590626039
1281716488
1170160839
1285431638
1214050564
998728956
907257512
1444800071
68533606
1677029683
1468331695
1329540
1890153950
716461014
324563176
1681237313
398417801
193317183
2110279843
2050258606
1052545034
372361945
1896520355
1409350825
1585867606
1267833379
2025888000
1048498067
1221784604
918108627
1925970586
117630016
143489231
478418711
1931227194
1533119496
141870929
471057654
810959174
1039868922
1073787198
563858389
149090849
1244611889
2104445649
1078177558
110278173
1795778622
1362554487
1343777499
1078232862
586616260
1101049582
1410911209
1685347532
1057398307
765428250
2122064807
1055366516
1135563340
1991446116
344521285
1383694972
2006292404
124363983
667517177
1676610177
658800996
495161753
709207652
190427919
1116469292
879922570
1657196307
1619645436
1245477880
1100134876
1797739554
1745163873
510945338
1806119110
628099580
1854087478
532663687
1903875239
1328034109
549074313
1997214270
1218881484
1759531960
1575425115
1123658851
1074370270
147238804
2023172119
1471506058
1309818859
572256913
1618054064
1038074350
3792911
1925785449
1353394517
1830168481
1603809726
1212405585
991677140
1871887070
418031025
