989859877
1024325815
1647384115
9642194
2007428899
1758458044
29681987
1578575403
739612831
310684517
853113375
631719649
1169472507
464224670
759777651
244969371
227057072
1791836466
400426211
1343437047
1134336729
675411750
860654428
1909222007
1598825163
1256375730
379823238
2032173577
513173724
1798889437
1313963349
2128964146
1425813573
225600692
1003690943
321530070
263926818
200766502
753015688
1626140838
1471204758
1770354559
1890068025
1642110758
149264907
266090367
1967437871
1745342810
920519575
384301591
518579407
1625577740
929541498
831357375
1427499991
1994161341
702146244
1416652919
1699123664
501484582
1589601555
1037693016
429411743
1460532073
2109843834
334365653
889748795
67868377
1234342270
289259412
917173114
1651106147
697742906
1663205347
218255620
590385047
794516386
1052904408
259504744
621207895
76337636
1355552778
620141901
2110356506
1900956394
1787493093
1158305472
120580061
10634748
140840110
1067887789
1566355624
2032325507
2013908244
1143024745
748279481
364581608
786270319
15769708
364107599
