104835563
339122959
832433783
1408015797
1992277014
2066647436
484717171
1966981851
306143710
1508991608
1266377946
1394524131
1077490010
2069192260
391172099
1973087748
532595186
342750311
2031768718
170828593
1957838621
113353715
91172601
661421380
761734469
1271229395
1071006802
320075207
1832823496
161828003
1506232327
388048991
1180333848
71093804
1826565337
1655854550
675834370
2115510906
903705327
1352551875
1706317068
872816796
1216808199
400525528
1943578871
1271722232
1952741063
740974024
833960291
798418248
1654429233
1136745171
1663260818
1498060341
722035253
293694959
1188080964
853082254
1093965921
265299349
1914586306
1950219301
38415284
1831924773
955745015
1360725574
643962512
40566774
1779217080
1947859413
1055398349
452438526
60233765
222621443
1350507242
1938461979
772310823
1272585389
1504113502
1116116988
1457954841
662058321
197567245
129999790
246543491
626874797
120190934
312494279
188446209
1288854262
589356105
1078601001
542028098
443393714
450862966
1764959347
20805420
1239471666
958572512
1538661642
