1351052443
1432868504
1151921948
151009300
2006460976
775220580
276616388
2076253991
942288547
1801412797
1785989795
820388294
1126412476
360155743
10194209
633541525
425654670
173503276
937349917
668483725
95111449
2118498349
1679026273
1322523524
629941007
322405670
137461047
1546455892
1522623924
145317589
885333269
1890754731
1386654942
336074438
1353768563
585113199
1537123100
1906238166
672857534
1395580620
606536435
504705602
1953428836
1556463323
1023158852
274102891
1299629328
1900763888
1409237449
1021826344
135018992
2029225344
1048582846
567470792
1439509041
683475629
2000422044
722157987
2008724876
1188770416
2029321472
975875419
718978298
823653218
639155115
724776884
452191107
2100602919
648363170
1984986381
124750388
1419110775
2138081910
1240995451
1584552239
24383178
861121182
552094593
292751324
1426282400
328510976
1040049517
1310733886
1445535594
929695631
1749917265
157370720
1275078168
1521576717
570115485
1842044142
625252160
2081854962
59790422
2049080287
778115560
1460307045
1572162293
2022732368
501273328
