1144108135
936170206
1866312301
1730077727
1668823311
1084571003
1275963016
1405784520
1474592751
384080629
377997900
1054857496
1923992214
312296079
1972258058
2040979711
925466159
205276831
1435504434
2043236281
737315655
878767657
209718495
758329080
1633701804
1539567129
1110083465
1038461104
1578529904
1405533213
1050890462
532448894
1313696269
456062237
412745898
1896611254
831210658
882340184
797368306
730526216
117365340
1692418076
955921185
1305901261
1454056944
553674017
234927450
1637746420
1127157572
263180675
1756051180
1943294852
626383917
973976155
125071587
1236768973
165587795
374263545
194985915
801406511
1059945265
440488127
165189424
1901171846
301883193
212790941
1150001457
625340209
1172022549
167515684
311138802
2092696509
35769351
158485577
1780357921
1678416435
451432561
1728946105
422160432
943732731
877948273
1158194899
41381329
1194987372
1724585636
1449141063
2058634880
633740785
1296665612
1606354249
2102146618
1179697881
1358957068
1616193649
578596683
907589818
1145059216
1135002674
808260165
459864963
