1661539401
906504692
190970636
1132905757
1796491542
1859717841
664210703
1400531646
73718910
256646889
353636497
2117895370
471166298
507226211
848122661
29191013
1436824976
1457056768
237788472
1230221722
1834825465
1351375197
631058120
1744759073
1827083364
868072645
1024283955
171350224
662517940
1830253744
760040490
1917972385
371854884
1825391837
513391556
580083292
1065232299
18809095
655967663
1697374689
1038966395
609806663
49591169
935094292
977864099
43463173
1530558508
295197029
350123476
3133852
630953616
150139130
699618112
1451052426
413081387
1272032636
1196232606
2071388496
1464506092
1756939387
1636256330
2091776236
529578277
1026237055
1398067338
1569626353
1295853214
1944461740
352395244
985656896
1990898629
2061091088
482634955
584834917
712714243
1541457549
1129991920
1795692944
954359851
264820062
1441486420
166245166
1560536588
133243719
874244612
881597987
578891558
1615271517
815199005
1894892454
1908921465
1951577455
1108407799
1682457530
504509816
2063168784
178805598
1033237061
260184093
205294402
