1439812603
1741540302
1365506070
186684353
1842061266
704429016
1503844125
1186918121
922846181
81702613
769622117
886957380
1106876405
141068745
295391536
217266612
1165387368
1498136957
1318434942
751137850
2123184198
1472850779
1711063007
1654312800
967206749
1912226285
2038697834
1487491657
1976922245
1636349677
2080046790
1894400339
1037084670
1603652872
1756456293
942387046
187470325
173544244
1627651025
1843239388
125632806
454278058
316948510
944019725
1002323355
92956802
926740351
1762840437
319460754
1271719915
47400693
1837654404
1581570684
872036867
416701730
1237803011
1093037090
345168473
1724974908
2107354910
1579652066
624748284
1531435805
1077285906
1478693400
1959092032
1645478006
1088566132
2055331736
1937003533
212116260
389147163
1363821911
101549027
1272707227
1511328427
968723497
129268846
978971263
830155199
1684121252
1862466497
1876269137
705544882
1317558052
1049750322
1237844550
283877130
1908110313
1184951763
238898996
582158978
453905242
1645091976
1749499813
204930483
1028409964
1544497610
1231192078
211028318
