1352181323
1420882231
1503437182
1502912651
497600326
407303070
1773349289
806872646
1450889945
1309167039
377955324
1803142483
1504142339
2039185091
1972818925
1748353836
1493274599
1659947215
619582423
197276352
1476406803
1501118750
1105693706
1290195740
1004806877
151029690
1418266875
831942326
1790291434
1547174103
1127858844
859235670
1183899336
777390540
107775687
491760290
383349179
1834566575
105175252
2110612292
1659926165
1101507979
1683830857
973728442
503989182
844294208
1522917553
1395829689
669603668
1648795128
708211845
1679545663
850061419
1471915841
962733383
548247092
345770613
1813653452
629476014
478226876
1918526653
144604353
163216124
1167466012
661757966
792229565
311907947
1172627526
1247202416
349829481
50354117
26883586
1714757906
308394680
1164155923
278393019
1435736131
354450365
2055058285
856802020
2056325530
591574310
398830833
929153541
342656054
953045337
278966223
421445478
946457376
788770345
1706349440
532103510
301856205
1533722677
1312557334
670467864
967726783
1766379997
1932724143
1418043755
