592177738
88668130
1758285315
206653877
894938996
1734931865
1859545885
727564747
1753246966
341699276
230285351
1033676383
1433437279
1228916013
1592659293
812465671
413832536
2013269880
1100200996
1965977318
303944450
1352685604
644020275
911353081
1686572411
736496069
295111151
190092032
2109837696
1678585601
1905689557
460740615
1694179373
1952005164
179402001
431960975
2020630751
150640771
1117713195
2134872670
369839930
1194410242
579095777
1432477152
1863534406
1166048994
2137217039
1040259129
1328968116
1254968243
2079485131
1485369064
481194559
285252881
1396162445
456920601
2118015534
1709208070
837479563
276831879
979763445
115743740
1757062691
106657803
562496763
8772957
406952050
818361030
620353143
1849923529
2010428418
1589174504
458575476
1353835507
730214816
1886509850
1016165363
1555336473
1591460170
139897230
2002137391
1505036830
904623687
1827648416
634444539
1116155461
2096767569
56426537
536317000
673573772
7270894
1478062177
424638403
164864163
1192967133
218529646
1228632475
1227295879
1016239531
369111181
