413799264
566600128
398352229
424244700
47119367
94212915
739842151
563870145
780717578
1392350372
87093075
824890619
1934470572
126740684
1767251742
1981176643
1360142682
294516499
416336708
1917307038
851072557
1098072811
331558172
1426995522
342092428
750403273
353895493
281212450
307658991
889656511
162159680
282181656
348880062
1010572986
257087768
1432511406
1545694039
277702742
1087888700
69959562
1586871087
2121544793
2097216109
508233587
879198992
123412435
1029914578
402632196
460340096
42671312
1946359593
1768357612
1273719874
1273700023
381780760
563516382
1937010678
1965552194
1070968993
1680043548
2035388379
662133530
1886449076
51453596
1511381429
906047758
356136671
1691551444
479670730
1420482288
1152364065
1243913255
1833714438
2950412
416247004
245512171
1602096958
10584390
1557021416
265985558
527630737
1723203279
473568452
833225862
2046133482
655032195
1406053095
380765418
443957411
848900323
1755243573
1028555600
430587204
1675976362
86072717
320746315
621237097
1324528909
609140863
1404437952
