1745184449
1323609236
1383140123
755067214
1353781043
1673370000
1554399972
969271127
1778676251
37517624
948839652
526337967
1506094513
120338020
2084668633
2142373089
426924170
270548965
1017851277
1713666840
1748743993
155052671
2026189891
1389091761
522938894
1609545860
1346031949
679513946
1253930238
1289175310
1251864507
1910395111
37004195
899944664
1658897965
15657649
1395813210
1698791097
1278667466
973283499
1871678858
62066111
1996911689
1789653251
776821764
1184274148
1833490989
847181168
1926472070
423433327
784623117
1995656990
1705857114
1128171754
973219857
1657874228
263600412
1140530108
1810989177
2063887870
911092632
1346577762
216625239
381952700
684327889
385975630
1195967325
713690630
52512031
501168988
1568359633
15431898
2145322352
890035949
1337479581
144837188
1841760942
2035166626
2091137410
1822201256
1619795009
1051560887
872776045
1147290543
92449452
679538681
861419746
1695489996
764088146
1514624357
773829781
1951904874
111199835
2147314783
514334743
1609695156
363865266
897181068
1082800301
924625664
