1386884134
1456296012
1339466557
375525081
627457968
1562846935
326332258
96677287
467376596
872497651
638417310
1204776701
1035503392
1525452367
2653871
2138080639
880510673
485326208
175362554
654215534
840078229
746867861
515295524
606532050
214365804
1256512088
780603072
703706691
1778394536
1663264548
1923886626
1465549651
676221459
1121400926
666290770
1646824347
1683317807
109689233
554111517
428744545
901467032
1356354858
1113924421
1665258723
1565041286
957931212
1787244248
852863811
2048444271
1161038161
697061534
313340430
556183241
266797663
2058365868
112877418
1792397037
5565858
124419605
62480092
1097508887
459446699
1961819584
2090746548
534547082
1583507557
246739029
1072439830
1914854608
985400623
108204113
1314639269
959857695
1796940443
1794339130
204530893
1235759319
99228099
611071212
696169901
1775595816
1913709890
1774519313
1611329952
1960545233
1606324694
58612655
1578295399
322880771
2131418768
1173283291
1553488884
773902180
455042741
1046221707
1487306453
1005210415
905137973
1479982473
500338491
