1704056184
203035077
244896388
1539068071
743803277
290824091
287920193
1092191792
216528505
1596306886
1810105838
1468731251
618637986
303160615
34483607
1891019287
1640535954
646524944
1526590129
1569128955
1755885522
982163319
1651105748
748968447
1564295410
930746838
785853830
2144515948
1204595622
1395807651
1787776050
1703352833
524303371
774472039
2070696760
1934879387
1702102023
1845295997
182542110
1332046463
1097251277
1100219242
2064509156
97094983
743554176
1775974099
2055602292
374032232
1943109871
1971923999
736525368
1742732124
1044957311
1459870890
1332432838
1470517104
598549542
855652514
1957649335
1843418668
705783187
275832450
1285564565
1875350362
715833452
1550749737
749018866
1077413813
1406631343
647274390
1394667157
1268256048
721044282
360000834
1944909520
2142596575
1139478885
1391243802
1683595757
53264262
1131362509
718925592
1589364167
536260029
2025564716
464977021
1824406388
176651452
865673828
1365365421
246415392
757575369
1735906459
313411239
402280693
1114723899
1471698047
1338053663
1928287286
1489780265
