147432106
827535161
1062797675
603698100
412638497
427177956
146348727
66279918
625554935
1088850129
371599685
634720870
58257935
1711602703
457084641
198222930
257839614
2077892421
250207907
1396599895
978216719
1772499339
716295877
1616445175
376043104
706536677
259995030
1494108055
1287826473
35749212
1335665544
1662996012
1093730589
1632077755
1764183139
231632258
1317000169
1814430179
548409756
927884329
1134614745
1296985803
752459712
782322172
661463450
1796665368
1448980747
171775055
774315802
1979588437
1530046229
859566772
648519563
920715471
548130220
1857646186
49638023
1495730704
444709053
937547363
1361001806
17683958
1624592235
734536177
799672618
1761460335
211236418
216994828
954299892
1944732626
963013253
1513425218
1610009263
164925917
286523555
1997371
1648000593
875856455
749148104
1525800168
939446946
166957314
941307024
1817718344
1475738430
661079567
1245992151
316673751
1128559284
1106510077
1684483756
158727059
271073233
240566783
977874020
1866649003
1193282807
329525929
451073994
1443515079
