654906278
1702137927
1150846580
11939822
769195549
1494784474
1091057969
1238810904
1032388889
1907327920
1228456094
2032699217
1771671484
87016095
308631768
1212123015
1969892233
1787060445
1994526283
200465392
2090267276
980225663
1623743913
111688218
348499351
1333034892
1784717559
365793168
1172717734
1957712318
1102314433
1262976806
1325825892
683103188
1115396206
217983202
1217890247
233744534
517810350
228476551
159573206
949739367
422689551
146491071
1557126026
1706146944
915609519
442478820
771580882
2091846351
1010628108
828619627
414937009
1187148139
1947368952
1765187309
1031160451
1264314034
1810736552
566611924
1095809629
1308883713
652549867
1400236190
1507233169
1549456655
1485743479
743681745
956145232
287594982
59678814
1331707004
1696441963
535075455
195242144
365033573
746036530
325533946
2129110747
1012180692
551180669
1916688247
1668241950
690846971
738726345
980443796
11024859
684507392
1759018105
1993566595
1146930426
277160105
1909289534
1821517254
415395850
1270450339
940315794
934425738
619414674
378857071
