1267374686
1304806301
1447977862
795598570
518194364
199283726
503397589
1722753911
2025659862
806472800
367554079
1154854858
776356845
1084142698
847698564
9493076
1272160886
1069814990
411217304
1116782918
447978335
256381972
241572723
1841184324
2138915439
998509410
1925894116
1404578473
2130242763
187722970
236445381
1345609328
1999304340
602043792
1751459689
792818629
775553198
1751696678
1964260658
552401193
201066652
1034654983
224266048
958553148
1896471687
1174858044
1385523524
1733392170
359566686
98612462
324167538
1261456053
1501602070
69373049
826169237
1499074266
256698131
1306402600
1995493692
877028387
240578719
526209683
1331048210
783683464
342970262
567441810
1435734859
1625246467
87022885
292208861
1114210619
2147112111
1612212903
1531743042
164969985
2028963484
542793390
1336743809
306334304
1299374385
630972451
1430546887
1226860461
191730238
74666373
781980357
71809508
1070899870
1351482957
514133613
1532737750
546608261
1047592050
843748425
24560254
1605131372
625959944
1140544376
687030385
1083096726
