2059476740
704656453
910455411
1594342205
1146598170
1485789541
1117786150
617894750
440567751
1585167053
1155208157
594907166
1082804843
1254970414
829366414
1730959064
1644376718
403931406
524489958
85603268
1259341891
1199751300
1286110583
299623749
1456205481
1401469584
1613281292
842338766
1833899150
2064974100
106412574
2033267314
228756783
570599027
1041206367
1427397640
1673114395
1601594309
374779251
1060581623
1451988790
1783015604
2112138686
2098455972
1783438808
2034142966
651916888
1325326709
653560853
249711463
385928477
1642342016
767125272
1844139714
615172066
2106280405
223324072
1587292156
197853378
1660315236
441148365
955185725
405765526
1393366157
1066021003
706787451
1330470019
596316227
1808899533
1959839925
1943566252
1203427291
36064861
1669337289
1764512264
1451175287
802508304
826617587
255704911
2083718409
903964671
1236369379
1720834319
865470726
1570791151
650259578
363721435
636780457
1307576786
1408375072
129851298
714865377
1034516071
1135947972
31783453
219864281
1224233980
1450386801
2131329634
928996129
