337578068
253714570
1473053334
288049790
51638435
862813346
2136509632
1008508235
1617588406
805126906
675988408
928980617
1463980591
1498334872
1157153086
2124059531
94639598
276748032
171313958
1165561399
181795212
1347789970
892430769
1322506745
1443992321
263524479
381653240
1624378698
1702921317
798081641
633974658
2091543000
1172761043
66698647
514135028
300602707
617562986
2061291474
1459239912
348280020
2007219565
1945555934
951369174
1768887529
704157834
687956376
660250670
1665181761
1720030264
1674716585
2034290568
1412908785
1426611513
1659157220
175867379
1976268897
698884671
1604484930
356816234
1886794198
2022871211
1915256439
1342089061
1153962908
613194608
200485936
1796973451
1860112079
758484502
1331251180
1377668996
1316249030
2011237851
2025514100
1707891181
925980957
206883572
1298083064
800072293
1159222110
662750193
986390984
1862709444
674710859
2106924350
25503404
1189342572
2083304651
818327237
1801247968
655903927
1608769647
1254328753
1024221871
989151120
2129910175
912971854
486519466
1630984989
14538597
