435132940
920681605
1750796698
765570006
1967381923
416313743
1839314497
1734600216
1034042192
1637981901
1207338597
1691339541
1734701373
1316753073
171692447
806874811
2134516734
1540983932
1660398367
228251628
1362421048
1295254317
1700720164
1474148617
529973852
1842385444
507993990
57009942
1848425873
1532563800
1976112752
345659786
1180349104
571957042
1298693676
2128682166
287853160
1447129604
94724887
1396785359
2016329090
863684393
702586035
747663258
1311787584
1797220793
768673499
138146483
1888378334
1287023337
2103024657
1068471417
702649402
1974289918
563978995
869885337
1673973647
1809533420
30212301
821039414
1420216925
1625539215
309453640
621939122
972137829
620706693
875172671
1798207516
639505360
1235211942
499737266
562919478
1137960815
2104119329
319277011
1859898145
1596186397
1522330164
657774398
712428199
1051375937
706157191
68382534
1870137125
790342768
1707635494
857441898
441227795
873367599
570089753
1611476711
488298290
321904598
454294178
1310654823
1350149713
1597358480
774551315
1849901271
782725051
