1684118398
2005568073
1210198358
203629888
1090523387
1871871433
1704787017
1474859486
1264689658
105808245
152337291
2017049101
1884497548
865258986
1516676546
561100452
1464549503
1875169913
146974157
1064965227
2087847200
1719322817
1429145433
381837886
511328544
2136123366
2047697555
1202337754
1662507156
2087899504
673698040
1908973383
517268758
1286762946
84385096
1879075554
742347785
1192046132
1973010584
1367319046
84076282
224746192
2057100935
1598082647
832542755
1599181222
991793800
604476330
405439753
1046881740
1065418846
314481812
1879548229
297307126
443201959
993232270
1106023263
1440903854
1128934031
2014187714
2095136213
321643567
28106661
86674548
142120508
6253540
867571402
1741944336
1514441854
868276600
1114713414
425264076
1387390017
340712345
993762548
1488969465
1747255913
1166101583
391928478
881785068
1954468019
1656334579
2099873635
375260291
423688578
54054861
234522453
1573437014
1266343351
1531231566
682864415
806210940
1587332793
1826267878
1125767907
1069459191
577042068
494227843
1735352354
822738365
