1819433021
1286967720
1564536021
1241049443
599962100
146383653
450889112
51350888
262036418
1783283320
837940486
1724164892
1515297826
677056960
1339366944
567289900
1119087804
1430016858
126600166
34026442
402622796
2015274011
91912200
2113754237
234867361
745085736
1857651382
1066158210
440594370
1912141172
1629205908
458834654
2112100139
1391067863
998390729
369929985
1691109941
484084424
649861431
366626072
521510035
642155191
925444805
248109296
296321528
1882820617
1371773399
1317924226
2019793878
2127884209
959435999
675002143
1075077442
1335754088
1881292557
159962681
1708335860
215725192
1860888866
1290646731
1497697642
622142603
1835713890
1120931942
150399787
44593947
909830312
1984420570
348227881
957457877
1250265747
1892236157
915193664
1836191135
286889694
1839274779
2076393179
1373425058
1371324878
1331577978
1636395445
612014054
1556951492
748143496
627806909
1683904905
771944434
664915235
2145135379
1334194332
548565546
541923717
60849456
866100634
1735700434
1415658314
1163048994
861651590
1974359028
163650848
