1455311638
2112834139
1820784506
1961478869
575326679
1740467606
959344509
1446657781
1080689638
1246057128
157833472
1627075972
1226588442
995627182
1262306707
714345923
702512516
308805918
1130040491
1715723767
1889697045
1258530757
239873306
1549425902
671758173
1074585689
2145817504
1029806640
1851981166
13044666
342816923
1349701316
160095199
1971885770
1817126617
1225470107
2050546412
872928485
1905302926
282743453
140304059
1619052543
716316513
1808939855
1661864377
552669273
1879433377
1088027678
750363427
738254304
414131861
445002571
1042457505
159604002
363940336
1170702962
1751263756
1952889325
963587683
523609016
1100692049
1964208518
798581069
991848336
1301825645
423382659
1442460046
594183466
2033136024
1989937222
351416953
1969145722
87057790
1454579734
1944894439
1860092128
636494248
703083995
297474408
2008993657
1262797050
840347254
1404975765
1384504322
1615020373
859514299
1815205505
1432083812
1110655324
2049623564
1021908046
1986579168
2101729364
2092580755
1065085659
2134394583
1471072805
1711978779
2003143067
863038519
