1519004916
604979616
641121906
78737418
1428602924
883207619
947430999
1613460560
1657450861
1126821470
1072779080
1914906375
853408573
1461737741
1846567961
2026798649
547925217
332268243
2068424828
1760296368
1195753573
1757457142
2060112852
1247907428
679874232
320747895
534447911
485565054
1047733235
98855725
160329778
1758416904
1528550842
561571197
1481624471
1463856180
1473289659
897878968
1105893426
1353011526
437508692
111710225
526118281
203856158
2036479825
29973049
819791713
1211217510
263823571
672333209
1736030317
1655338580
1938375244
723294508
288757282
2129401116
1654338470
994810614
1751764902
585281270
1655740035
1634566436
1840038374
711358407
269682079
1192121025
2090302151
1630176111
6969426
1358670355
1741913460
715360430
785636402
541575824
1000487382
283617459
2108180182
1167973504
1144965410
1045357891
78627253
1081083952
107848075
1915522946
735547948
823773904
894341913
32807265
687013790
1444708074
70811538
170152869
1254701494
2126623359
992698260
1542767248
1590436040
1213105344
526141124
114643758
