1164964437
1345119590
1353201953
294673213
1767504813
279130030
1668662130
325545402
2140968111
75512565
31090910
269233668
1427686572
1344903915
903354266
985328559
318903146
1163618679
1918367420
2005332200
277293124
1447334951
1011547951
45944192
2045376878
1109411666
1177416127
733972631
805072215
2023534797
1697995860
1804026598
706900007
1139340358
1371504700
430470056
1590206312
382192448
1735723937
1911949862
181325249
1512172203
1776203802
2135252446
1238876380
1944774687
927268956
503609167
2078518121
157087925
646987537
1441782628
1043399996
876315522
1488103617
31023994
1446478738
596779441
1745531629
96488464
1204491121
1139099196
658741819
1595098122
1597036589
1118005063
1856166347
1131931298
1397641222
947462937
495748519
1820305899
591061231
1134066359
1534433881
1760095235
796798826
1571478559
1587180439
1863018709
105496974
447174174
2025896986
981074568
1227001899
297922510
1043286157
89679496
433539076
1706999216
905670560
1661057327
510270778
1573056098
1139970363
637932047
1809920714
1156032765
1423941328
2044146399
