631333525
817510868
1608261070
1982161315
1758412305
224007339
1837914758
1291094273
490398058
1321563903
1907570079
64175559
3354192
848652541
1862332744
2111661717
2089542829
1595506042
266282486
622084153
2045237766
1577808552
1053511060
1343393274
1040975099
18474101
144281560
329729154
486571752
80054913
684638641
968866149
11845038
1477057465
654158300
1615921490
2007918476
1065587093
226671766
1442891477
136200998
47326442
926589036
969442246
665642408
1451949676
637726254
1263707986
1619583236
1101608132
68795906
33542819
735728727
181555786
1307030420
2029712943
886825065
1501248608
1770609515
36026778
77013587
883816042
1487391575
1150498889
1019409979
176052845
2096994311
1549646980
581166139
1338212675
258232759
2038743879
1697855840
1225602168
899144198
1556820646
39284430
1604871109
1327498469
954354906
1975558401
1434138662
1797658283
36473324
1394997550
1076952730
1585631558
2024546812
2035092168
1362609271
1948967565
14922286
831670046
1880432487
1969923504
103548466
414828833
87374595
541018577
568897647
