1136778052
875488778
397053867
1739963084
1650768252
925432126
1161785456
834886171
1997353319
356061659
1333338034
1454976545
693756553
685324725
315816567
977877062
788857009
831633133
53417327
1538478806
994220666
776854863
1627536449
2088538865
1820689901
673602379
353850369
1512742677
607860036
760814734
866726591
243901510
1301337545
21920829
858857017
327431128
332937949
1384980686
901333936
612299737
1154037525
1845066626
937794263
1411296285
918824319
1431537027
2086323688
1627249126
159679746
2100622486
1003593938
515871792
2088675299
1182515580
1931432333
364915351
126982500
61897195
2078591885
1056999654
1223064455
439711780
1737873492
443550013
2145959664
1619245617
2117523234
873004766
2102834920
1745597117
1135707592
1391387540
429927294
236719503
1796490395
1635889600
356559816
957743524
596928387
617125121
1419608647
97938153
1591952947
1699658623
1179340136
775194002
342809971
1982837205
631070247
1751827738
211940248
1430082457
740368078
1305206999
1866781206
1602222728
2101994460
485347385
1608435244
7485011
