70625536
1645613215
1804188349
2061760256
439966788
734932693
1747737919
486913023
1575713095
2126327342
849633228
878361034
1204672163
47318843
925993558
182085687
1738778477
102045733
1854631160
653970269
302961370
179962028
2107024743
156997921
694150142
1541997500
46909831
1928281436
11924400
114206889
439429402
1718632106
163581578
1567749640
1483323539
172746194
432519437
440221737
2045679369
1234153933
1782862817
866854196
1647165767
964018805
1043415609
113832159
371172352
1317340107
2078069845
651772361
1074683679
712803301
1761876001
1140157046
300198973
672005490
619696635
1069131752
763853356
1365393643
1946746770
1836050390
1855745968
2065876568
1847551722
1013872779
802203469
300831164
1115870075
991665246
173413948
273888287
1798816633
752655050
1174614135
105403190
354051887
1019644201
442989556
1497809328
2043606149
1808835858
778101998
406344223
1342992544
1865136715
392742238
487337602
2000630184
534752877
688697737
495525483
651328165
1871178771
385235891
1720042961
1002746755
2023294910
2040922353
1521075828
