1855971124
379951177
1522102556
215961065
950538740
2050874627
1180165089
894122561
1261160872
468020078
1801104630
1587191642
192817760
1540603539
1410138471
2069305025
2137080059
208151040
1763418126
476046402
816221674
1090982496
77156129
1899796751
1705916941
1646185909
1392271589
157187977
995194809
1928490292
1690997121
1563474349
1909109211
1512473276
1617670125
1672191006
427182902
679465973
91268105
2073980875
535875528
1366584578
681804746
397108284
1849924170
1891165410
1267632527
866393215
1537150935
1786203496
905108882
1982980265
1974580132
1727719637
1493517434
18554379
840791277
234053391
1247143181
497582067
805353713
44289152
673806082
1548127003
320783123
2096997518
98389236
589645235
1141587234
292356530
1909771123
1843795462
1945551282
563846455
1317404469
1493213643
460745385
1028212881
1990468714
420091915
1610515926
388784728
1279398189
1427566505
870887867
1681547487
1228117270
1386595475
1524614251
56634485
51642348
293772676
2089811598
36938552
1078534520
1635550323
2006985858
1277378704
272446580
792460187
