1465939868
2059305551
1157580451
2007464232
694536588
2122401123
1319161850
44807035
2039792606
834008118
1109412604
563095578
420310429
1445331107
698073123
652011319
1863899410
403555220
251876986
1155354075
885793706
1153465404
749935432
1553725615
1890079221
456837358
1230787302
1550768487
1026861515
472748953
1771685042
2003761356
210324617
1131482080
781161500
1160122212
1159328633
367978714
489576669
183811775
1441583184
1049414755
641353800
1238816097
1877455824
1578320413
254960057
1876404039
1730002062
454784007
1421914153
727655704
875163598
123031223
2140918500
270597097
2126986890
278490935
903028561
612476845
102537362
1641403514
260165104
928645688
1622921165
1603923578
1811596387
1606449390
272379293
360072431
1925557923
1669837580
1724234849
372084653
593443155
1381010
99641108
477674139
1522097969
1219369420
1445605650
1518137163
454417321
1006788476
646572027
1252679227
1898181764
1630034854
447205808
1194074535
560721085
488503032
887879802
1895642121
1713738356
29517523
2010765131
1656493103
213678588
1020100602
