2052802588
1695961334
43751439
2032224726
369669749
1287575208
2072186145
1368734819
1628092427
1073051632
1673925585
1185362619
126963075
1632881782
1803297916
250919997
1293888853
108732187
2081390572
1839208026
2857676
1291896274
12874542
1013889276
419654441
573693209
804767362
1445199762
2004482791
1486684435
587721067
2130254012
2080699674
408960580
1698926053
230426256
1416228593
379786216
1743881398
447879559
676526426
1225261552
498126045
242675720
118450884
283032730
388818983
1901569166
395854592
790085548
1032955617
2075817080
583248705
520854348
1835711656
882755949
1267283010
515110015
1775145052
12463977
443585671
748278588
553179443
706830697
970901691
1444706348
2012265193
758986415
890345528
1701680129
194982677
2035538610
827826086
1632852592
1039518103
1368086950
680731578
118393548
1116902958
1247620003
1064832544
1347037249
651021606
1943734389
89757299
1834761129
1315841326
2140204543
2095200617
318413070
1266976840
86041420
1020837900
1601979069
574923225
162767412
675232035
1987027971
1882651616
2090987943
