298116783
592936327
1643806020
1106057881
500318609
962854211
655768389
1977188746
679892297
1939545120
2100932629
1390743216
65983961
2126183214
47745152
1426304708
985166280
500341373
493902534
220649062
1923809858
129557403
756660361
1396281902
547183452
1271898538
1651191265
159993168
1866899062
394240284
1682694029
598481131
2005864634
1295307022
1782356549
922213870
1239455680
754245694
1475953963
673874855
613883476
462974891
641845599
1603908842
1177764687
1607898312
288923825
1673629146
1316344993
1297352028
137780593
1408506967
1982904433
560129785
273980771
115358980
713164379
951442454
526907855
1095040755
1333277400
1754826955
130524852
286218224
468340412
719939881
1329238813
1123193703
1253932248
1840542516
533527691
417891827
755031999
1267441279
1565427601
2106404739
1180393894
137497442
1961365375
1402607147
1448794213
260056025
783908662
75514757
1936336794
103985148
249767195
1910795970
1470898924
2067560470
685970471
1915714897
1188237933
1808903781
1558594586
1495147561
443079449
1717434990
1270235855
1960645559
