1190508925
813610123
1896299649
2096285822
1204623892
985563393
1862819095
1222585452
1217840394
97744007
1430454958
2126814537
2115645804
1364903797
511067056
399266000
1190032085
1673825123
728889873
468925879
752500785
1562433480
75308260
498035420
1980654749
449111604
1870061834
1770178317
1858280554
1790146598
264499973
696742772
478609473
181371019
463223786
1637223069
664158304
1058384596
434291573
1038421542
368775682
1929968050
1400398135
1418282242
472142045
2127058801
1007881962
1018262633
221083333
1669763566
338611685
1366588768
1650666350
1526455350
2093625770
1479510240
1338101327
1501532093
1836040605
476220582
1449098401
1818920760
246318032
1465127575
1275671942
1909329175
1907827449
1697238221
821222983
1628501922
376979845
36839490
458492086
1430531247
2070653893
41119767
826768818
865691389
779041607
98079618
1902226889
234534705
396320064
2032042067
38947320
1223613034
592858661
1302189089
1671915149
1415454851
1582447704
281773589
562866733
168639460
800433151
846637906
960965362
375321861
993547761
587061248
