1039789435
1955176442
1449617579
594262111
777337967
2013256624
1073259055
559298993
1085644290
1886400336
936706221
720896554
1816991861
753268618
1035494424
520272292
141606241
715998585
1828433908
815414363
732681460
1714525631
1541545324
932493468
912997209
1848811325
440949890
1861664012
987623990
1089803119
187651681
2134221202
691406927
2035862115
1495761614
533157090
1942296904
1285256276
868147901
682440871
732022663
1084656359
585290240
563631692
1354215992
532208641
633864730
731895400
1165592938
1151838275
276697138
149374148
1459946071
1215885091
1257850915
698403593
1216515521
1985487528
87312048
2016422923
447095
662707394
1194609877
2037770668
710544887
826855491
206976568
521576302
32087341
1773457278
2088182974
1854487449
1441402714
843211386
711660347
964124933
1970554128
252020435
786735425
1428544389
1565408601
617337646
479496729
1406120176
1446531831
971036759
1392269520
851245261
1461832647
1771649529
5704552
2064073882
1051966527
1689540857
1630762800
605029049
944726294
327682415
554131502
1380574712
