168636675
275213889
1597986232
834468795
630982813
1215149150
792626722
1379777224
825487969
140969876
679664529
642380975
105262290
916306703
1909773294
830682068
1229729979
1987526511
1546626551
1466740763
322017680
665591940
252011887
655074350
2104553971
840950953
952891510
1860922734
876185170
1687242682
1601884147
1534296179
905215917
2099833779
300840237
236182594
929146997
519321830
1411784313
1999455754
1533566352
943441881
1981848846
694499227
1270828409
1728073402
1390482932
1206520420
1138083717
140422271
133765147
816482599
739474752
1556827038
217891208
2018292283
1555019766
1738454630
2124334506
39982205
187638861
1206966009
905791179
1234489557
203912719
819854566
923112610
1206839904
509232646
262693479
669254149
663629631
279751680
1616546612
945169339
716284923
269956851
825915137
1837689455
1269955475
1434584377
2310555
185674177
1489323557
934993660
1247439515
1520713335
1963368501
1198478509
156212932
1134536145
180178076
678626221
411663615
1279883258
2129347343
750404367
1752133872
639686554
711056715
