279131660
1119046591
538435827
2135882086
511388063
448084283
906301135
123833508
428860448
365956052
30694594
2013826554
939709982
968472447
634088131
306606635
148439052
953385608
1055950882
1182119561
1336204792
908833574
1907489313
193009946
1554255222
1434336442
1397348764
867101028
2015244187
1199621796
1362942435
1238653914
2145954085
1425147586
1722116776
1776970211
357237432
271190406
1533134611
164391043
574212931
619225523
47358964
1929453480
52035201
1786304948
1472286480
1601293331
1545408924
278126745
1012871580
1702827489
1726343148
1096518831
1966983112
1922737590
279515612
1642868154
1136476018
386704005
1316935661
285673681
954273787
1551303165
2068034517
1943173079
1339882807
1469920659
4979135
960644753
86120318
1402297896
2054788022
621447017
307915487
1500565592
68079900
1822996926
716910452
1581011807
1862757460
934460390
1753246929
2123703463
1945176192
1037607617
157426326
26634738
1884195172
410923259
1132603428
1295211552
296077161
354568157
1607669100
1456280734
630014398
1284918225
1298900707
1217890155
