1383822182
571188529
1654810917
630410284
374271873
1262486984
1410036794
814078587
1140256148
1967781882
1073891910
359665430
1439728869
146168830
1516172719
359513395
913222557
1266065681
185778393
751545959
225152712
149752403
104162041
343958546
391129208
1942103870
446621704
791627112
142857738
1203706307
1657464276
70018076
156225664
734520323
1371058224
602907051
2057210125
1749718950
2009423436
1565040450
1583156144
1085006044
87528223
236028492
728017400
1141311214
1182931712
1135949724
498421733
446635136
272732245
1212055348
1420625135
1799403877
399137122
40872624
133118752
573519903
1138716995
657954898
1224126044
2007896306
1694469621
928453803
217494977
375819427
2092782990
97676514
2094860585
326346962
418411661
1434295204
1309875404
1717676017
223905612
1378753192
1982747907
747398880
1504176274
1132724957
271610919
1889481255
1375442757
476890419
1869464728
1982493903
94799164
773613059
1891934426
770652893
789168435
64931100
782900185
390472044
202903000
762387563
1103735629
1166470758
1765447682
808222534
