582080056
925870558
1219862017
382518357
660998540
1398649613
981924368
1219224605
1372443883
2123950824
287678951
1115715114
1811673478
1234742874
1034440045
346986201
21730598
489421347
717919883
816127936
2105062217
1231663693
1160447004
473283770
1027599972
1902356294
1829868032
1307903890
685579080
392598175
1916102736
1092121675
202070175
301655392
1701942187
614103049
1863834773
1795023365
1648603311
1565127840
558414483
770186266
1735171204
57709240
946537254
1213077358
305814674
2072794265
1341112318
24731895
201559891
416500633
968191507
1464081218
542103618
1014823455
1267972066
2093389972
1093523698
616270931
286872022
1116093603
1701734716
1787277668
2093480641
693010410
721805457
1082425205
1972945545
340823725
1909416558
602762277
1154668768
1647549833
1031487469
1230439353
1331775019
1191685558
1336975479
1521199337
150474884
204348125
511427479
1020806980
748646107
1390865552
170216938
917602880
1036241975
669484394
228864819
1314425570
1221819674
1775167941
1428352907
661612038
1860118787
1528133649
1068097973
626986316
