1119881741
1306102999
1460385935
644773023
1746355381
1648897099
1355679141
353377891
657177017
1056467847
2065114848
1430030394
811586587
1191310186
718002524
780819059
617542981
1602393868
1595533143
1033495569
2008695110
860657628
2010284868
1459096947
266775866
657903961
1582170624
192252837
1829392840
1302439529
2101069340
78757442
1376068550
131541593
1843154520
484786691
687953143
765108082
2110814513
1970201065
2094644980
1176700212
1997025170
1021718787
2003360296
863899698
210487462
304199388
1959322356
1033143690
369006797
1246967941
1211494132
1516147710
99499436
1270564922
172807257
1290167476
594106719
1830675892
1978525045
2116074886
923897546
112498955
1597547094
84356871
839364877
1349980741
1459987081
73197587
248395797
702150527
521541888
1673455890
816655439
557067190
1006924814
1622274249
241425272
393574450
1610070926
1726749916
740804753
1281237649
206794532
180213732
204826862
1049991532
1933035163
484265769
1001283692
712442280
667047534
764496380
1011486402
214765147
62732898
32234676
1972920305
1755524440
