183175248
504566083
1466167765
1466479193
427814145
2065514356
1631568094
428034760
1891398962
2137550531
580759000
1438164010
2015667382
288340952
906907365
1680592680
1268129211
1779915682
111123853
2091485500
1353333284
924284428
1456944108
1212626676
1954355478
1815589471
1453189897
1988819174
1681965711
1653665588
1539165255
1661986097
1460904752
1319649300
1550870517
276828075
8634907
219015854
604685056
158247596
756822775
886881716
943009224
1236740726
728786448
1457634130
1416656399
1747645760
208738460
1786360139
521078286
925223389
1737541400
2117204146
1432330914
733587214
511288273
59979587
95460004
690330977
787821439
651205724
1479366998
1977062851
1346753036
1510192027
1216703992
1861203625
498368882
264537877
552286843
532459991
647595201
1810852655
1818860365
915596492
1120692544
1189441053
1307769427
1951716810
558907308
757728501
536960757
1587689349
811263900
848310383
356920658
780877160
1034055428
2127754043
920741524
427338366
709470168
1696109567
1929600095
475374851
787822024
907920620
1826154851
9369736
