207010732
1573084033
1200929738
2006271732
1454345033
46837459
690227998
853512701
1569396815
1203493039
1473591754
1445815502
1576901253
1047655167
626369894
810890371
1290609842
1740764024
830439382
1490724306
1197072509
409024217
655438592
296610767
775612019
500647360
846335384
2043021659
44651560
370199849
855354134
735936298
499868276
894395523
436512969
1564971120
638279134
135355249
820009477
1640818728
2093122327
717646106
1498434936
492898561
1119740317
56211245
2107610523
1743688165
922977920
1718051444
334292548
1762591014
874533186
452668180
1244117336
1910718536
153810135
496479839
1863699613
1024254565
447661771
161555542
863595181
748461889
486088323
2092710590
977670406
843658475
921577115
568412125
517481791
1745517068
1454776943
997043921
1836944213
1223101135
2120370613
1476456334
1214779172
1207933549
372800584
1393589362
1853862641
894014291
247934976
125112199
429528356
1016811507
2052528828
962976084
125648659
122082852
300300929
973177696
1206341369
1596235575
1706032572
1045078084
1991872261
171873943
