1017411114
490564348
189882641
1338773693
1375585270
1692098250
1489930347
687904478
284408298
444866829
222431731
1144667069
773928142
1945705650
331413189
1895618664
202635218
67154070
860686017
1303883638
219804947
298506973
966552032
411121907
337861692
196018162
287579304
242451173
1225503049
2073356059
246796730
1180291195
1480478055
941794999
901882505
92324305
1833880568
1131076119
1037883685
1560604258
300156338
1374821111
1135756597
395344907
643587047
1628985496
1343598084
2042027192
2046571999
1508001403
12260274
849771693
1097052769
510180539
808161674
576375667
295087953
678921224
18666356
1651878237
607283571
1153607484
1097674881
101573558
1755190861
1731265691
2044042404
1404111240
842529323
1538029740
1241760640
1177649931
987143228
2001968302
1885453916
1631483305
59628250
1164882617
779482932
80846506
228704743
298383731
1839000297
1456991873
655172946
413745515
1023909016
1874611890
1864376761
2000174613
210021383
424189022
1620755753
995142754
214376764
776438125
292176384
1729956091
884809512
1561491030
