315703497
1243164705
1538527550
1577771597
898744577
409395493
1598142390
2096945370
584410790
1418094745
1239763924
1366916863
1859399500
828549601
1258704120
628342582
2039601012
1484145796
635361133
453513939
692168527
1863847624
992621564
392482610
859507104
2055626729
1805978
1511119743
890072767
1831502837
388245057
1239529762
845684153
1334399815
1458792412
994732229
938653077
2137753502
1796245083
486757891
1761427633
261621977
2123645415
271455150
574282827
1805912913
2114105391
1671582397
1151866397
25197011
1412429793
718413265
292438559
1797899576
211292469
1455555426
203893360
903271331
583056803
996243594
1752734543
450193751
1933445301
399138414
146107715
1821246770
719635446
1764963397
891932507
1569639114
817598474
223223814
152220560
396145699
242361559
1376229298
790388550
658760970
1253026529
1085936955
566378993
1490262545
1938036660
2123947792
875189205
733990182
1121296250
1911197510
137912037
413813202
165834156
877437796
582595533
108432140
1962931941
1480851147
80735499
1734827191
952391123
1483925952
