124833816
211714115
1209761434
251464736
1558830293
1211443286
1621070533
1594794219
441898957
955874034
691369993
27353005
1026506599
46786394
66113365
79383023
1102586365
1096036265
371243301
1627637741
46495453
1295522476
1691839320
699473659
267437417
449653082
1755058720
2054595730
924310622
1251207664
105680403
352245756
1495300913
755704493
1690026334
348466327
1370091413
1823125031
1567768088
1565912777
1134807322
617186121
239224756
1085754752
1238426863
1490158314
775764369
1353003620
70267848
872367370
1109886124
637153948
1849211866
1083162539
2078905973
1488618042
602700035
1636122954
1087314623
626684996
1293802759
1766840568
1623927504
933802336
1090376182
29419034
76487576
2044522267
205799593
1878862265
573226239
827232726
1881357674
1031295879
860355671
1189299021
131407027
988947567
1510013937
637282245
1075302927
731177175
820957643
975764434
1802246942
106327157
427835239
1154680002
1570052276
1983449547
1409995958
352738730
951916576
77485888
1954418739
1394526986
2028891785
1261355997
2085039629
285597471
