1398499444
780228000
1995274364
277010630
1415475043
1934834560
1314523957
679036680
827041688
324814079
448470008
2121931590
1279223800
1548024165
530709063
1415279618
1009323530
1150593182
1836849201
1145440839
948424734
590966706
653954636
1298910135
1053249418
1412549340
847293632
252300079
956550416
1199501130
1466518400
1326469656
1868169564
1350616689
1861987220
678329421
1407499176
382731529
1550048146
1059809444
1045072002
741898156
1930408236
214804507
1214235302
624770823
110135778
1991390625
235245573
473060794
464725208
209641598
355757287
907172306
318900162
863023967
1479083820
560804832
914096379
2055569922
1964264366
1656477110
370112694
2080925562
144418754
934210237
562324299
360423200
2030346462
139588598
1980352179
1943454230
2134312020
1991895435
1991828751
909579129
1928532284
336469009
1227832930
1158685986
885857904
1571532637
1258404704
1648738073
282484401
714057984
358511454
1677497240
1886553320
2109287520
1188536168
654174647
1523853958
1567956596
1596550257
2128808120
1310063116
1260260123
519405221
478137841
