1023721383
779011610
688527323
1926264658
261005811
11788720
955773734
514149522
1603134688
2123347160
2056849291
369586427
1298774194
1011239707
282821580
746375118
1307424546
1010972687
1120367971
361067860
484495522
1197009008
1097510026
1972119170
1349422014
702851800
1732087671
61532488
612472990
1639205406
1657581222
1723400054
1625086632
1924379465
371067982
179484235
1630546498
1487847728
1199974645
122875036
1303916725
1934026671
1989150495
2118554014
156033069
1069947015
2036103202
693962320
1832397276
512023507
529540117
1142745991
199668799
1019164195
883744487
1456703127
866022265
1066636855
1269431435
1009616539
503522779
186688602
32011857
4887650
376362629
82472280
324719440
1974056694
539273254
545063709
1912989184
1071855306
1615219166
1078611179
251564260
377833855
1649973317
883056951
1809441892
104034387
1999244421
453075745
474482616
1744638759
1832237986
1583578511
1701281537
1029603883
424134618
629093861
577077362
2066229288
2052343336
2001727586
1431906987
1496995689
977254882
618536986
319983142
1296087879
