669302952
370814550
1231650602
1358192776
2082416798
1629446691
2128898812
1983839098
486722884
811514439
590471939
1262600424
448312001
1475185659
882829602
1475519862
143145144
575887418
1422576018
1395461023
1351394246
238560277
775656759
677872805
824343847
523877556
1891020557
966030866
1702890104
1162281194
1027047105
909331945
798900119
1450699379
1823308380
1124634478
323726502
1573564621
818665754
47030927
521734703
1494876080
793272665
1410199534
1877419361
1202051882
51110829
1911911308
1633160825
944270171
1395528976
95260691
1281461052
1284082123
239049271
1990692032
601681824
1339525731
1686124032
1317062635
1162911371
366565903
2051812614
1604536372
1819382963
263564525
1416302679
1694889548
1579122596
132945458
1528512829
1209690461
839123680
1251771290
433627193
1823133719
10874144
1516320393
1175582990
1204363352
1758150585
403371203
1969741305
1603884919
512821786
919980741
1976091646
1213412654
1859009394
858544574
300503645
2079619873
2051452014
486492973
1750398756
1684232975
1879425824
1878139928
1103229662
1137794452
