914386339
771539820
1803332495
551819548
399269050
2105088618
2145180261
2003984108
417774450
618463734
815260996
2116639246
634082539
985837702
1824794978
43758477
1341740506
584298630
2104933928
541667653
2044469126
2027324469
1958745342
1801285197
1365706989
1004301596
1641645118
100757504
1089523715
675934507
240340810
348996010
36019482
1380210545
1681513913
1783587020
1379048029
1849161335
1084355500
787637260
238829942
1179569722
1140251967
912647869
601923920
929859524
518168347
1018585862
219741686
104633446
248995369
1410352305
1298287770
380683924
826429537
862264978
97136050
832200285
1935911104
846105746
1719019325
1248666501
734793816
393800791
412418340
442222400
146235009
1066972818
1199982011
930506637
1963287085
1427104484
1770129510
1508355629
1468837466
2119524461
1196110936
746235200
588282784
554126579
1637401975
1876622202
1197592810
934360236
235302236
1529025030
1061504321
1918518441
2057520758
1944505847
767151300
350484959
1992120142
564119399
1297228468
436238034
192071653
1271861294
479822508
781208031
