2120745519
1466600161
496553058
2075200817
868270876
1238400372
420506426
1270765751
1040607359
1659601330
1696181520
1267201407
1374682477
583868654
1075815724
1228283445
1730151159
1506800234
2072557907
1666140852
271752689
1318413049
940636758
693834284
570531534
1433017398
96482244
500745711
1995302311
1412916570
1135346879
1539878616
1093911642
334723006
1697215468
1456174936
2127044815
325607662
1536594052
625601566
1276524886
1187556454
2090586760
1355799907
491916588
495103724
1439566865
73894607
101813021
397864329
1796529605
1609540619
614385731
205765157
1648803941
683444196
1545052396
522174398
1395316100
1005980696
571688346
1197398085
1621217619
816691137
1078744611
408430101
1631219607
725482075
1222003961
1469713169
1074464187
1472301428
1036983428
155727704
561046529
1996140271
946471083
667527592
1265588180
1786049012
1958651506
1307581260
1509114170
1319642232
404220862
1772089795
2036157797
856325988
951032115
135753711
75761768
1760565093
200841278
1038450934
268441607
628134991
971982638
1460410041
774377895
1290843438
