2021633405
1028634095
717651300
1459342059
1946907181
1928686045
1919662146
1064432536
1570084430
281672116
1885767547
1230143576
305665436
1390467463
2064207606
1412861934
1248309061
1839657191
219086041
1049004000
340539591
1682764061
1674697781
473282119
121109752
63870211
1303879904
788137526
1026476319
244827263
500768352
1445613765
311781952
966669725
111229955
273446073
900496502
1146471752
1812322316
1736769233
1938132600
1926193573
1077308424
1730989232
1422900030
1077280780
1447519294
946713698
709426108
358267044
2057190468
479058572
687051469
985186714
2010223278
1445069109
897783083
149660670
829523426
1096399147
720023451
1771938874
1474284551
2073886739
833514790
186251311
639899676
1382118673
1991466881
1905132782
195067429
1360391695
216443790
1681817103
1490200703
686151598
2068945915
505995442
856281173
1468164551
556858376
1314350096
2084997931
313940637
1300765799
875895228
2037948312
233396897
1133249596
957454204
455095056
260260576
659124292
90121406
505070303
1794342925
1982882321
61605305
288979506
1738531879
