534389107
344399393
658872144
1170647238
1888137715
1191822726
1836102118
991038472
1321000569
356796234
1190777983
1037603346
395844877
1609050173
1160608530
1181455685
1436658874
1625484247
502638773
436629247
1299083151
315470609
2081449584
1837835019
1001464511
516009696
1976966444
1943934886
785954536
1625751631
2136890571
587269167
380414576
1435713592
971555409
1420157034
1779525644
1990625438
1977143103
2104835696
880593755
1722382762
1768858624
777001271
1371737518
43799616
1775480701
990626234
1374059755
336520254
1966179787
1395078341
731414151
1016763473
2088382468
358859615
1765834928
634627443
1970038579
1000314835
2042993549
1927029765
1045646441
527384925
1176618141
177394820
1680363500
173805678
588355132
344060395
1513560463
1895804316
1361169732
1792358310
189686813
1393685801
1695268560
1717326126
1426447855
579125551
1894000668
378956101
483410077
832171109
1748228744
1486172880
1032974801
236615568
1808262587
2010211660
1986502455
991583112
503251428
1366312686
1162700688
1906520549
1739856924
1285127771
1636713190
1138261575
