1153566440
854984193
1533836250
1749746239
2073719002
1457830672
862923801
1490888158
95052630
1727963673
156093933
1081155287
1080601458
1875680065
129111280
624566355
487501559
1454497825
2014928859
1972665682
1833062277
2141865278
1814181244
1197295545
1568644562
1613814048
883384006
209753596
1291534099
1142102801
844189698
1534998888
572687987
515810164
2011149092
982994701
1089234112
140163007
1064830264
886289735
1828614181
794616854
1860393211
531959785
257648146
81745029
435449990
1742578949
2047125816
91310042
930119717
1825307737
1775132080
2097518109
518523975
1689307993
2143151419
1621681325
34763917
401823700
1774493092
1802027513
966123013
1892752198
715449154
116294359
214847088
961024187
946698650
392452996
692185791
1422374747
408394785
183029305
1847421597
1520137110
806754590
1320954214
1500705574
172071148
870840494
555052942
1898359477
1720518233
69685729
835166910
194475994
606330716
1421152258
1396051371
289897835
2051836835
1588365813
136692839
271517105
178440021
1700130232
1130641088
1948102339
669068795
