1752998411
1872645685
280545777
2047363596
540991532
633418134
375586903
896717587
1530783676
1718970423
1925738129
2071422079
468340413
559331024
957057421
414357255
178130877
907456500
667041403
1268319928
1886263308
1717408300
2033704930
1411346332
1144469544
446475696
1272943052
1405070089
881227834
2042571713
1588332322
1988360067
2075849401
794407334
1245479442
2125370703
1748989741
2068248896
295446956
1269457301
1931237134
673651020
1389356684
1255258672
528867019
93902645
1371543730
1340314646
1821514982
853539988
1246664814
139677279
1594407228
882985541
901682294
782134260
1986641507
67912487
2065366810
840695253
569661228
1624549487
723606670
2129405958
113549895
224469417
830596198
1164626711
1731190278
858925645
606275617
258931791
1735937594
744226554
346394844
1683068532
1894145593
1604314194
1506256423
1708117306
1617600769
1121763697
2023239669
1812155718
289698167
282372106
97592749
477631197
551752904
591692832
356940893
2021703981
1936941297
1654967647
2034271758
65856568
510265689
87929877
15971378
332474201
