1207620507
757523408
2033504058
1539844725
2045711970
1475515796
69719364
127090623
399639662
1556433849
1427689970
434961447
2047829427
974598495
1477517654
1951671392
1099530400
552712079
909160457
221520012
1265964413
667658736
528083547
1924710535
1209429485
1557108003
968371364
862829261
2120786579
167508155
1838393017
388427785
585652433
2060082908
2078459003
1496653115
583883436
1115820911
1962429833
960185988
722635467
229430527
1395559957
213107857
1910625950
334461235
73595604
1559789218
292677788
124657384
412803599
319847222
658341028
1535322090
1170267095
205361493
2111330437
1065997392
2054409045
1793565817
10750617
2138110321
1197171519
1404007706
258388108
139980422
2088976231
1959374805
1449666619
859793630
771540334
1860404536
1918774455
746168760
1905860245
492614700
1547043176
1201717184
168803508
2084016384
533884238
1527782953
1736113219
1532900110
1547626595
583838563
685479317
1365545740
533003549
1259485562
795651877
2120352753
618594319
973027851
1578992393
1048121473
1314086831
867565539
1654827395
701196151
