1794502194
1952596021
694172343
898113615
817932179
562244984
2064587126
1780302509
290166195
1128670683
1167251768
1777998445
1464046747
759402342
1444598057
425624136
393861341
1932467118
545263194
185331487
480393752
732319028
939194136
1106224615
1760846745
1155250268
1793495386
1101669938
1287925023
302717445
729054803
1573811030
1592229303
1024064969
1762909480
309626428
1468283590
109727186
1660839612
853856711
96920869
1298122327
1728197798
827810782
891987558
1592714930
223593796
597675288
428191797
8100384
840625897
885496067
102297562
871854612
1621529649
363577617
831535067
785574968
1037962102
1800283168
1062216127
601021953
1959021403
257076388
1069615597
1906491373
533728901
1588621172
1637525426
1752052316
1570586730
1587129645
1403642721
215463432
1513039169
1285701703
1229106324
63451683
1421856537
64659890
95007377
1618117132
2081460742
227429932
408813769
1981801645
561531254
876017186
57188730
495830900
1890017441
111313472
366512243
930285291
1416015903
383817367
1903372279
2060082934
1855283859
1559027306
