229564163
1011178356
813567683
1502202022
1675271413
271323356
2105673728
738996241
306225902
1607094548
1365189978
1085800077
1975503364
1311064536
1698693763
211605885
1430102106
1921863852
99486520
508852673
244283363
838059886
180100307
464167644
1170628421
272027797
1881698045
1874141895
258901720
2075608328
1854870914
521126993
261665741
556219805
675908925
251969073
588022636
1530266156
648865330
2083047594
2146197621
422416464
295648442
100312025
1937779880
1113559994
1796625369
570980510
1105838177
1174620721
568083115
244981285
978747995
1703111978
445925117
965078544
955480469
1238555391
575205113
205943107
2073910097
1691376079
871230457
490852171
1830565689
1101884915
491978876
1679329899
751993757
408018456
2099944246
1650438725
1346464727
1333075710
438161729
738416418
1556112080
155222220
1401981298
894478302
409213851
1247844365
2060700359
754173043
695282238
1226439755
1680949244
2091642656
100183698
954013254
1234838076
750347829
1837206336
278288337
1442110708
380817534
721865451
1781782346
2066209988
1629800010
