238810476
1580132532
993336207
482124054
705836856
234352243
757144498
1315462107
939875551
764165027
1914250321
1650978289
1776665773
48333333
695709901
661203614
516196467
1456465382
1879254354
1695403840
1702445408
1180397758
2133981836
256641554
67954696
776945314
1300279929
311714718
223048327
1906859639
1276708954
1479316671
1425404607
452198420
1162800579
895316818
564729532
153364994
1643054802
193642361
631770425
186110163
975402876
1840135051
58323004
231131675
1156510723
765204636
684193756
1968157968
1007363715
1871536548
860673827
1085117114
410426284
1162719054
2097792270
1815898070
1867483274
1051987551
343659441
1544544845
1776016256
1063494337
1263818615
974429260
603204180
1489973548
207700103
748959488
1754148707
1136875888
872310851
2050893551
1576839157
686680928
1001845994
1914350582
2110096811
144007262
1909331293
1022037723
63735061
1033511808
1515747071
1022484110
1562336096
395047516
1703147445
1783596801
1628556589
230178934
734082573
596327328
313204860
1446717250
1826275706
1487261551
701201351
518720727
