348114109
537113792
1107747883
1930414899
2080662624
1507131021
706522305
450413093
284642141
871751031
1028475148
487710171
1758314459
1798287964
1421710474
1330527240
552045080
250245263
1370866029
624933297
850515810
727689655
1794850916
937251733
1196786495
1742486853
585634706
1424941879
1397067948
1211319699
106372768
104030857
1326232962
30702742
757343726
1698660407
1183119861
933360192
1559711460
688189069
1477611063
1866763893
159322983
407860997
44767290
1157396647
792246888
269188209
361028498
392306448
1452705686
2105161153
56442232
1155413899
1708389427
1580370802
863782635
1147843600
859529988
1720852884
1544742640
538199242
86368610
1638971509
241948411
424911319
129279854
77639151
2042831718
1464825499
994912610
74058059
999717406
957049025
1834724354
123345873
1409319261
655774928
1944940081
1972920302
1548982417
689011301
1534237087
1930551552
1238140252
218886675
92884128
274142656
1409003189
214525651
1530277656
765245260
1183557675
490777898
964961427
2035203792
980807498
1049522646
1682689393
53302224
