791553792
212230557
1154991158
1920548961
1677299046
1760635822
1896781018
2072324794
160017552
1241472151
1061231063
967251164
1236099266
932907198
593175234
947324787
809463257
2027307057
637688069
1422129361
763571848
667875782
473085422
1893613207
1890432445
879252947
294324195
485437436
423388193
1079186054
1600608436
347890365
1065882559
876784611
900867849
1265732769
1905531836
340410713
850560250
141734824
579505732
531888895
338447805
510195407
1573597830
953632880
1728627834
978770307
537451733
1864233791
781258299
1747295136
432596719
1848483609
640227583
460048420
1087547995
1621815670
261136878
2126890100
1842937579
887438075
1427713190
479971915
1728438113
1368202352
1981472179
1178424891
2133882414
1845903705
559893022
1081128161
378008661
1821108787
609775132
1201010858
142718063
501325900
1475026151
1944535611
1241467847
306515263
1333222315
1960109442
1242123173
2003537932
834550166
932877655
289772712
656787920
1819006738
1502830542
614219340
2003631141
1401253391
757392667
2087466124
247575320
417746297
217502498
