811308301
164475791
1754062235
1581555238
118650714
272142077
1941313532
1754728394
384609788
2029936958
1568542454
1630323935
803790175
754780070
735253372
2102173873
575571844
1023849191
1400528891
1628525833
1758828429
870783342
1182491815
558019855
174318423
1944270172
1990870769
535190745
9823553
816621599
1270720021
884445076
1595543564
251231661
902485711
231116365
1304051419
318941533
38070317
200954205
1373954905
850867809
365814656
800337519
1421849593
353879524
1701763436
973313327
443006040
2106430652
1833070111
122727569
1377751488
701096652
845592222
1405565627
2078576070
242103801
1296455995
347595152
1316557075
134976199
1293288227
188504538
724168767
579757199
1960994068
608958227
523095257
1116630879
651954475
62414289
853097603
1976943982
114389979
652146379
1438629946
1214732858
1042096634
2010794124
1979559348
956132672
1490294261
1397162418
613682402
755082839
1054524964
870522339
386763669
1812225450
382819896
1158295374
666093885
727066960
1101358545
100169433
1401838796
993946250
455474733
879695084
