1280906936
33240216
525928698
409877721
1387602208
551716664
1218619980
1088353511
1110491142
54687420
1295366057
819236090
2004587451
77429703
1641727554
388404704
1968791384
104449188
906275389
153535290
2093184360
1582170690
1283741997
29540869
139005091
1258539728
169558435
1729670596
2084626133
11488241
1724533214
704998988
551719902
1587390108
153929629
941549612
2131008210
609676948
261219093
2105575862
472068928
398878590
1442576127
1332698798
1486850192
319502756
1104453577
1271100559
1609687430
1750956101
1964854252
1842805108
1408763363
1863775126
642727773
1159208874
179903530
1949102169
756751389
2044817359
587882880
31424281
1172775403
193778598
747912620
666160383
392984346
1097876347
283989311
1084385364
306637949
70754349
100228045
1730941588
1322241662
1149101021
663980121
1306483243
1230206286
121664306
2078846415
1603065295
1220175414
1667889478
1357060522
697531257
1262090252
1910429744
164264630
153103617
212700354
1506531374
1960587759
34288725
1375244825
1981308783
1967427465
77531477
627219315
828906619
