883400201
716135247
341968581
1353493824
1752186256
698152978
1423883947
1334209722
612790584
634571441
1035848597
1312567613
1526325399
1586613206
1168082463
1770284386
1287368545
1780833728
1178950783
1029080460
1523772714
678899162
674315543
203598870
1135148872
470898169
534763563
331183643
1363117783
1234114354
1704987308
1940466401
1635214550
1458055254
1436345395
701083618
1361616494
1149776396
1280629257
966751097
1606746963
1499705993
730847587
2138970150
1337694275
718611182
1578044075
1467370110
770762668
1956698173
2144090105
58117042
1619032682
1118550521
718006432
740252345
1555946158
2086176858
610558949
1283507741
707764986
1254165546
1837952203
355471455
1109736264
716974655
627812618
591868168
1236272715
1870099605
1829618974
1120705614
1481826509
1912238855
1830586235
438524767
1019671863
1725136298
1939547357
943202124
1625490735
286368455
2070169534
1169971349
908225371
506245746
106650849
1770454349
2140878661
1899243979
1832179468
1908623338
1753670999
1848596433
1568259026
428890283
1308054789
1420080606
1528687502
1773749158
