1728691977
1734610371
2076554860
31176045
1526959562
932095872
634286241
508295260
744561110
2064799904
628545467
1760019586
555510926
1862266671
440351506
343270442
863128289
166924889
1525053790
432494341
894298672
298406561
1852310882
607075829
1197986129
1002947514
1697661895
850491768
1378518960
178919942
1920971779
421299375
1371001999
1888216488
1875539576
1992406794
1645441133
1523328328
1911087513
1212659347
1889806981
496306787
457635911
969245907
1393206381
255158603
571192122
579940453
148694495
2123820738
1787703194
462673173
1212689045
997446959
612234414
874853555
1359899725
740324219
1694802603
453759610
736840428
1869127563
217742510
1575164696
105125055
1724284506
1160536006
259507034
893440220
364379057
180934952
1715677046
203967911
936493958
208874885
1370559732
775378289
1946302191
1213612921
1139280185
877349690
1843689153
1509851930
1292013233
481989015
631979465
1256250545
1017709208
1136213423
1974264998
1801865349
1382395238
1926150239
1570081090
389427666
545372117
239669117
475657195
997154521
1599612560
