573689904
1608885605
2040059212
1344169552
1619903161
133178665
1527741945
1377688387
1275251261
1403858023
59103424
1528693051
1206394617
624347164
812457458
976865087
1659349057
1380905583
1438855983
1519130487
2077205441
448861646
156817790
302883036
1843936991
1392142246
1990945405
1532842366
828777531
1338700990
539489970
2083122033
1172381528
658823473
1895347967
514834005
952506452
709672454
643490612
883175297
1387121107
1111905902
1745493951
1570331340
410366714
670643865
1571804286
889107959
638510999
938868277
1989664437
419971258
156139614
453603460
1313943579
311716713
482708815
1716171800
729287951
927039043
1776454707
1873515566
1724955624
1155918680
1685882180
88423845
1798608746
1965790484
948441068
1149866393
1472239188
1875161963
523805094
2057881504
877885974
1781637539
2136254721
444381601
98236063
1878621881
1529419459
1103549260
1062356309
170666609
1567692586
1831026489
2060039454
1067632893
936435022
2137230241
846588315
828151625
2102297250
665624755
1304337269
1378384353
1470241945
1968669332
615500751
1529368704
