1449305672
1263236807
1198108173
567834597
1574910372
473217454
678816341
692926042
1371291553
1473700590
365279553
2092056100
1139538756
1129065752
1479383439
1675428453
770744891
1893721144
517148003
894301748
575974682
557571569
2103974228
1246221124
885565888
1366759734
392061600
46948661
738759128
21782434
1696120448
2115118967
965265275
873685621
1887249559
1637028823
394983923
604269868
758519428
1183498152
1220367515
292972476
1167175318
1144757647
17463778
1623753322
1079879583
255654378
1541860462
757368138
562221025
1476941789
290498652
31219026
60258597
731600123
1509936806
930423065
1128765419
418110862
689136798
2115725106
527066044
801053572
1945323927
1759537183
218655387
97528310
1481680035
1767704052
1653746074
1824143189
1447046262
1775203210
271998088
1315594291
1434307433
1041880412
1439192776
295185580
924795291
500422145
874108733
1351105135
2020837170
8833094
892397921
415972716
2057752767
13340903
1132037493
727982364
1897871295
754659818
622576083
73577576
2089036094
806777241
1092257631
338487863
