170056855
1763096346
485219100
2047301783
151270486
2040649388
972746458
1871593607
1135381310
146548608
739592973
307955806
759435110
1580195122
1732740026
10924764
1928228222
630603490
1782778506
637041868
1216523823
1541338612
1361956865
1048079186
1455441824
1232817760
349537736
217068759
783058198
295101110
1187738662
360812173
974358195
27577778
285930637
608143521
911883103
1537219447
1721484113
63521533
1224922820
441439340
1128430196
2136925367
983262579
1833606064
501524380
441344025
761676068
1073445691
1760235302
1923362125
1795573530
589895570
1958989395
2137310629
1542771365
1427776806
1674522272
500582789
983932353
1426430282
798825524
305027822
857524700
1890234575
713970035
1290720935
1484616373
1314162239
1170958768
1207744009
685460832
869175730
1530211583
1738998632
1518335334
1200294991
1754564391
1225288473
1157409289
1913770339
973454262
1057788709
636181925
1113454359
1417775407
847971209
156113201
163182801
933236063
1392249126
640275941
109964586
1784437966
954768715
829034230
1058070919
1859968848
670890973
