225209725
746984790
338928571
758526497
1609044085
2000711399
1674247347
2023591974
676991715
649208804
1172691104
638158546
1591284240
1291071343
710960833
1946819719
1078695410
303091671
2010430298
1008714353
228154793
714466806
2089829641
1446900846
497922597
1109897257
1300366647
1879551387
1847656676
1536817901
748068265
1959418744
1984045273
2082308370
821454134
1721538999
1819496
1609618847
1231738259
1573953702
1897444238
677368131
116638794
918482997
942777630
978460019
946469066
1567383974
1815705126
1775834916
1058263447
56060370
1711858800
1941365543
2020199074
678098450
1444469028
89927196
1712576179
290581968
1135250571
603435540
931503618
164430506
923722734
1401568199
128898022
1910315327
890407837
2032372078
1578497445
1127167130
1965715211
454556991
411493482
903573049
1859408151
1959050627
778300500
1456940217
1859741285
687307861
1337911978
1880304415
1323103211
1743307001
432629037
750871237
1056904072
1200303318
1258652806
273271263
712761550
476042769
1896809439
1923983529
1462857696
1437037000
250759054
1511532335
