821760119
323594216
519630059
969291192
452361983
835160748
1890993474
1726239184
1110427102
1319357362
689130980
723472881
1224388820
1970989243
893441880
1124991437
1015862397
1026501119
1139781039
921434427
1163480052
414182443
890876917
1257945019
1314877074
362893305
1562641603
1625599655
1110433748
69273961
458312178
1968079865
1107262298
934717601
377265514
1056798643
1372962572
1573475934
1627940120
876508655
215774551
123379222
1257356286
1713897347
540049813
1910865836
1982863972
143242064
493867147
666542799
1460801324
1535042088
1723764491
111551984
457374787
1162229593
2084432058
28910302
62056500
785850330
688959724
676897535
1188599510
1548630545
1345222571
450190637
450312998
643086399
1703652567
258684714
219427887
1471889289
916820839
1866278082
1541302053
1497329060
678094541
693214844
1578100882
1702612763
602289272
1130203644
892061352
1123332160
1427966835
149884408
327476916
246469293
677856299
921136085
1587021748
896774518
70500942
315267293
756161535
1562353133
65286862
1289548063
689785890
631283472
