2058285401
359668175
959067806
877424067
2087602469
168337658
835257841
461387824
1966805177
133933024
1755347674
1494536288
1498449155
1511864139
1280488746
1343191589
726574739
1195900916
352735905
307995140
897867646
2102429626
1175112861
2081205764
1824712023
619425919
555728620
938463513
941488478
1132499615
194021826
1189571368
1616169141
1562592526
1505419462
223879095
442060493
1089850637
925759815
503868723
1856519136
1048973193
1366894988
316026588
1090617751
1595096592
1562110792
1714557777
1236387787
1737677168
1677087532
990359988
622799720
1601504238
574107543
1815709561
1942997358
1982430496
1933451369
465750224
986101777
971129192
1311709685
1485147565
1778135041
312895245
2141316372
124421488
654297028
85422839
1228492374
157285174
949994302
1643446023
1260312148
110662843
1541314899
906898449
2024723745
1288099306
1253044643
529398135
1319510751
1754862340
470318196
1896299619
886077293
2064259944
786441902
1777766560
1622659902
332760836
1962691583
1799109910
491283269
1881354329
1590667550
703964640
165769740
1709966628
