1905782829
1941800460
1627592676
1381169070
1211957560
1850985198
617708599
1305442994
477358299
631343905
555850233
2033422822
1885857535
463155995
214997309
1492001064
1674436548
88777068
1843785700
554353734
99268731
1760332947
1183947632
788207978
249250506
1579691133
2006640119
1657407520
359954419
1352515995
1013532722
1855467270
914155054
502805406
1821907637
701055503
1508659762
1559732690
1478420537
129811315
426553043
640573204
547574549
350822711
1218948293
252146546
2040963020
257352020
773735550
465919325
17831615
1500128903
108772410
119106701
53907203
440629172
44813336
559919218
69112909
1516590072
1653842530
336663634
1883748874
1952103754
1296542186
524083971
825937291
947094476
1209275535
1618250823
775141726
49134516
97274847
1210590655
316476344
565209041
1337297366
429900174
843067918
1353843389
2065890245
1780831371
1508678594
585511070
916320590
657753634
302585338
599294872
358267275
1296131016
900059789
659479763
2145579087
1451004440
811248663
346854436
1466441092
1787508111
1646549292
888680538
