1782425779
1058172128
1638686889
1765284392
967262883
551147253
852672806
1215779754
731449112
465976964
1083006343
1913249429
542685373
1017455945
1696620722
2067340032
272865564
1548978405
1131670107
1603995849
2138209993
735435603
1392408314
1549530533
732818335
1377618179
41981150
1735442888
792593698
236062357
734369884
346064173
1019113732
197263411
2095456543
775356291
190592963
2108351627
759456419
312335540
1071902575
956769640
315048381
967931922
803770505
1827743724
1842903378
352741408
1697609479
1243577964
1367021608
807386363
110375285
1196729832
596822489
1969912676
1088348213
1796399397
491355363
1632730730
1471284967
760507241
1938298845
377850296
283169251
2106711251
886050757
4716153
961343971
501496404
932106612
1304626403
1509642174
1227737934
2137067570
316767335
8452687
797732551
1338714982
138929268
1801310324
1133103690
281869670
1873559522
1198557490
522800218
9078125
1215157506
126344182
263822484
1244135082
681389119
743353079
1909371744
202315381
1765609328
93139383
631468883
3937180
2080895934
