1332103781
517077238
304970971
1178712118
658808026
2033440340
1912152456
752911925
1296915057
42940615
1947801177
1059710264
299909481
1422769800
1856345425
2055446415
1493436937
399656963
1183037195
1556201420
1810139904
255230356
1447965414
1543852548
9142764
2079657696
1773449309
620343234
870719993
138727890
1712692084
1313497230
99199650
964126513
337874510
1065498901
1129015443
276075227
1764131292
866452213
132424367
252573089
838473648
660576039
648090925
981599934
426602223
1413412106
132037853
2008738548
1010701925
1822261256
395302025
197485381
363777459
1065233895
1297876598
1145417035
433317795
1258295214
2022437898
1811140404
1362771868
605110065
1339708807
1812359518
1370149937
959372092
1014502389
1149945739
1218197715
1559256152
1539628831
614108097
243544231
645344316
1385423283
600501441
1909384306
239077844
392975757
1303847457
837174705
1675781094
19913229
1858549768
1300975814
1034056807
1628212900
1341006982
1961623628
805144153
264180590
967678094
846979979
1445228639
923316730
853255825
1522690567
189722079
