1877168581
602107008
603896571
20790868
2069441898
1542967145
1137864637
1391250197
1074668331
944758594
1546566811
1766551770
1427061172
537434997
1753142171
1251605403
711391082
1715805811
259034971
1694778987
70840304
635742720
763924833
847761499
561080261
1554439991
1414574991
180254220
1761628171
2119253026
1981734581
1441200597
1099496547
1346410734
1459714113
137733261
1768166643
2005073614
1639954705
1183967477
233268873
1119998575
1999593321
319460293
289362649
2072636435
327568896
1176023633
1474282210
1199494989
1206241845
451017176
231644527
190846039
1732651871
1252923753
786949050
52090131
944041282
1129250931
333166123
554717085
1715746717
1005765607
304653118
1122001033
1659505888
1683385356
467190402
1024054974
1451127290
641438943
443432381
2083349230
2097873233
2096589604
525601325
1884669105
1284733643
2039492621
1970385897
1274507069
493224713
600247686
659373414
1459847108
964354996
1950262555
1368667414
705527658
373735151
374039431
51725099
734071522
39798764
394347226
1128632698
1935415716
1694610074
274941253
