1803652986
1731477196
1242246268
2001965701
997110891
840490386
1147588757
296206826
643563923
994700130
813279360
1563654915
1482237603
576354712
1053584540
659830504
1914194489
743432410
1849415012
271289380
816617599
1564608529
796094428
904007485
435673584
256827652
1451493159
589525473
842757179
1417335955
2049299766
371534510
249911104
1320777870
1942473883
1829998493
1282897975
1534429488
1527803259
643165452
1097899248
69517371
537507746
1163445096
1619482933
1667482545
267971505
806745460
1031028811
929039916
721153394
1225085240
1461087383
1251545819
1058093388
958168456
806199134
1759534873
1431076562
1286338095
1175935653
798383019
1724453493
2094489785
212891447
1997873046
562858074
818029530
1054005445
463775387
1293871686
1777191806
1983840807
1809464657
943921846
357983086
784034753
277107933
1410406156
254907036
1697619457
1356699727
1574759139
1685577995
866071044
274054556
1274037891
1747726941
1005124184
1332489268
1045023344
1498160890
1576056284
377500480
1400125981
1913943515
379440836
431761786
456714174
208654576
