436193209
737964200
278121275
1587136052
605100317
1768486582
923063872
618651467
1528520812
1225223791
205600625
445784532
952886206
1081481688
662724283
390566481
699763561
300064809
1045148870
859290544
376280003
265161064
284497798
1546708342
1606572292
736532900
1573342705
1833124487
215990090
1876026828
583320779
942932628
749394103
1808604202
1434191517
500158497
727092149
892279423
205422788
400745778
1816992602
1974963131
1258112933
93683857
723948518
1573906265
22588414
466494911
1923235177
320261205
2049610584
329757045
379147906
391893451
1277207961
1067445461
667121986
37324590
1039827381
226748722
1778986030
2052914721
1355893637
166334072
774324579
1457903605
2056324272
652109370
229492180
46100672
1470186181
1759792470
1326408368
721642006
1002566763
339301959
178402015
1342125927
1618610095
1257752071
255930026
1509608949
1044439933
401847711
1171091322
1291483759
971556394
546603596
406891960
1359982127
1088371502
1914492496
1467382484
150763021
230291951
1198404690
275241313
580504798
1717149624
2012843890
