1181545822
1228299149
315676360
1708988910
240311952
27451603
525704327
1757942890
30361354
729488022
350976212
2009073631
171599823
386771676
122722425
1508865059
1821855118
414388842
136633536
1021091088
167047051
1091271421
1449202207
1298645076
708219551
1058843428
1730519054
1532665301
1115167318
1095048632
80421882
835181758
464194102
1510921977
672434514
1603761963
198383903
633090375
2089373886
738588269
546658510
781351802
628611183
1294920186
1253774203
1409934046
940218257
530031348
939106723
1506263758
1834507997
867556948
1558354400
239080427
1954992204
1916708787
141810931
1470911738
35086310
742678197
594878436
206694232
694833080
91187474
667465280
108493082
898119908
1267448642
2033155714
1552463557
1165611987
1339949509
769389196
1549868710
1744753029
1859507468
934182484
690646992
1164949512
1717502471
926244508
189320880
438555655
1491767628
1772906969
1091983694
250835322
468244193
2002601269
1733395746
1769975163
1450734758
1711712176
1421688977
367809337
757258594
1534684513
321352195
1020089861
406677096
