1367629019
1081740961
827366026
747570661
28549291
910467760
373678361
466394057
1802966781
2028979589
665961250
419126096
1913829726
1462342436
926275008
1517202220
326008476
1035068793
1659315051
814211665
294598857
1562289970
2035109585
137938780
609751391
438057527
1700253886
791567521
944530813
984845255
2134631223
1947738831
327410767
1943998512
176475047
945331266
671019405
1406238763
524899889
338590438
942108186
1919209937
1335129124
800228034
1470769356
1473611582
800853900
2021444392
974608715
1775635649
1472218597
1040492664
637314834
29851837
637426667
1081682060
1687248531
673242911
463854733
730115011
62232183
2120428155
1184068863
1187824813
2081367811
168348870
832323567
430450768
194737558
424151466
1963807183
18290965
1010513487
434371722
1615755345
2066175570
1168991691
1212496914
139738865
271792757
1296096523
692772217
872180396
1903972809
2136473973
894841174
1622228686
807162856
1305490161
1520383004
434306281
1942751678
848738868
92621876
1512845793
489572917
21960985
1726975925
342655525
1405474690
