1779089195
1284074435
384747256
522159884
1204831295
408692609
1844080365
1504099828
1748003646
1653824692
41759601
951118917
1065963265
1891770357
1723422082
1227706554
335297365
727724690
1471525758
2108747558
1302385694
1209153539
919611926
770392964
1296583831
1262848260
1621611105
1200544667
1313706167
1431821907
1507577613
1308729678
1335583407
1217178888
410286768
1801142142
1381994128
286633612
2615612
385133468
837973514
756133431
1283968657
850558414
443307600
792483466
632683565
1088709053
1582680599
1706776582
1402849279
732858873
1844914620
312533927
1006882393
1092005898
203590533
1526797056
1847763203
1788660500
2131641855
326596596
35788139
1969243941
1544681095
257142286
1688208379
315959071
1089875429
1039624062
433875587
916003645
757531923
1977487281
2114454485
1789867587
1922825243
1307426187
533956208
954829638
499885342
766693188
1892605012
1630707221
463977841
530786780
126535156
1297952835
1820751585
1528542780
2128902730
1119851730
1562891031
370824683
998897156
952652926
265425687
2053122409
2109656028
1686932643
