1022254306
306946604
81029125
1756173003
1690229052
1022851636
549836993
1299580632
2094640008
111364941
68570640
1466768842
1076381135
1270620129
1972544130
1430097710
492878559
1973876599
302604078
1840590628
2120667280
643094732
512871611
1509220107
1557967906
1111993228
733070235
531570379
1636258498
1235792813
2042301784
99756222
1529378859
604317801
573851910
1764205116
640742761
1288896726
103703768
793414337
55521721
1353166883
489086671
611627965
864200589
1034693489
78126733
477080313
2065887148
16069451
425482824
76128673
709958773
865893060
2078054618
1882028530
448022339
1567024684
1833730805
994428288
1548636652
1359854446
2062341491
702881316
1405353572
461651465
2136565451
162194306
1539546751
1097912489
692375968
92407603
2070396372
606623329
1095956083
541602195
1621575613
728509832
1817486969
424028456
372951930
2123808301
800713096
1388775085
804692085
208156216
682979626
1445617595
429116576
1944366366
40037076
841363987
106802938
72255808
1701511985
170916234
173576241
1776001249
1866140823
634452625
