1062558562
1039216834
1561549467
849374048
2083053820
1411015260
1460569280
341755327
234956226
1513012153
1375003210
1322789745
834232303
1306096368
1867690289
426272573
490038387
294141755
1190951473
2061087898
22505052
1985470902
2064933886
645928950
1345260112
561921975
282871701
1669706147
648998966
93685956
1749776302
1106842975
631633141
279544373
127683918
620056702
1426820692
1050653287
771009400
1590421686
1795343105
1579468186
2047724547
1444134279
728588461
1750410856
309512071
92558917
2107716180
1316774883
1639082609
1798555331
501946522
1294376777
282593590
918942878
1277691473
972610406
919086500
872326947
2113536792
1845012359
1725486932
345271262
572487197
96026646
692783420
129563072
89463554
334225111
1816706657
2016173291
68100829
1253217470
1826467753
897242398
626795354
1081124714
807580878
651817144
42767868
457772098
849971823
77074026
1591986560
581647147
1983752001
1490685822
1858291554
1507341027
1567093346
2081793214
210751353
885860605
334384334
972242946
1126116285
673120121
1894055914
1185502298
