1408253481
1940470271
1358381886
1947414228
1591921339
556059832
929901376
1533039082
1606066073
1181138634
1565029195
819846539
1670503758
1288452718
347518127
430583236
395854129
601441455
456047842
1337686539
389641190
233371328
2130171091
1109712680
1076002302
1319219962
1890904927
1385291201
650028218
827158386
469415133
606533504
1204162797
551407668
169275860
1006023906
2138882559
1038445342
153104076
2057633183
57044749
1405824858
1917349697
1179078066
932976686
865241721
1650611636
1236201732
1069165009
2002945321
632257245
2075332537
548025410
136294803
763872763
409138454
1383684427
1771070803
1179957323
1273338636
672969207
1732270357
1675148695
567420006
1083641458
206596040
1609151461
1151176588
361206284
70305666
1841757264
167021554
484363612
1032828400
891717365
253557792
108009601
690762360
18443268
1248415326
1953435524
727449581
1595917302
1157658107
1002779353
579717102
1934397661
1700785978
1957285380
176413148
441821911
329897946
1697015385
689020789
922272156
2074592833
1884558300
1970110738
1952294199
2114693444
