306333254
139105145
1680811986
629316245
129865769
1284049248
673647273
1497509322
1387622955
1812071039
1490978849
1685546502
2045337710
1499656784
1442589937
1627855942
1358109712
14055526
795923070
788676682
181430990
821830759
1736485957
1974271517
1558189763
1779318696
2129820274
1973318211
1962369103
1638684259
1460540301
1039087231
1726573586
2016598679
288659284
323465534
179326744
1551096445
1022344355
58962339
1551858447
162161826
2021313680
1647280688
2105633971
1094833062
1948187795
838548494
721329738
270785423
795212258
671335673
944365643
1096012490
1530959836
1679655370
1714313754
1531662528
854373275
1002661794
1390253294
712236049
767852204
1687008688
731910868
47907440
1330807515
700334496
1676743628
1635374107
740872487
1931796641
1549159185
398351605
640609748
821892880
1481533047
437605697
1233202080
17750214
708667884
630973437
1152731149
1072612347
2087452960
1971645657
1468218077
1784078549
1058998593
62587859
1989036700
349671313
262059231
1635762288
830052439
2083581772
1859701743
2111490712
1521775722
1495246703
